1 5
2 16
3 9
4 11
5 7
6 10
7 11
8 9
9 11
10 12
11 10
12 10
13 11
14 13
15 13
16 10
17 17
18 16
19 12
20 8
21 7
22 7
23 10
24 7
25 11
26 7
27 10
28 7
29 8
30 8
31 9
32 7
33 7
34 5
35 10
36 7
37 8
38 8
39 10
40 8
41 9
42 8
43 8
44 6
45 11
46 8
47 11
48 13
49 11
50 7
51 14
52 5
53 15
54 10
55 9
56 11
57 8
58 12
59 7
60 9
61 11
62 9
63 14
64 14
65 13
66 11
67 7
68 8
69 8
70 7
71 7
72 11
73 8
74 8
75 10
76 10
77 14
78 10
79 11
80 8
81 12
82 10
83 11
84 10
85 10
86 14
87 8
88 8
89 13
90 6
91 9
92 6
93 11
94 9
95 9
96 11
97 6
98 10
99 8
100 8
101 10
102 9
103 7
104 10
105 15
106 12
107 10
108 14
109 6
110 8
111 10
112 8
113 14
114 7
115 8
116 6
117 13
118 6
119 11
120 10
121 9
122 14
123 7
124 7
125 5
126 5
127 7
128 10
129 14
130 10
131 9
132 7
133 7
134 10
135 8
136 5
137 11
138 11
139 12
140 11
141 11
142 9
143 9
144 15
145 11
146 12
147 3
148 11
149 13
150 16
151 7
152 10
153 10
154 7
155 5
156 9
157 9
158 8
159 8
160 9
161 8
162 10
163 8
164 5
165 9
166 13
167 9
168 7
169 10
170 6
171 8
172 7
173 7
174 6
175 3
176 7
177 6
178 5
179 9
180 5
181 6
182 8
183 7
184 7
185 7
186 5
187 7
188 5
189 5
190 7
191 5
192 8
193 12
194 8
195 7
196 5
197 7
198 7
199 6
200 4
201 5
202 8
203 7
204 6
205 4
206 5
207 9
208 6
209 7
210 5
211 6
212 7
213 3
214 5
215 5
216 5
217 10
218 6
219 6
220 5
221 6
222 5
223 5
224 12
225 6
226 9
227 7
228 5
229 8
230 6
231 6
232 8
233 6
234 13
235 6
236 6
237 11
238 9
239 4
240 6
241 6
242 10
243 9
244 7
245 8
246 8
247 7
248 7
249 12
250 10
251 12
252 5
253 8
254 8
255 7
256 10
257 8
258 15
259 8
260 10
261 12
262 9
263 11
264 14
265 5
266 14
267 9
268 8
269 9
270 11
271 10
272 12
273 8
274 14
275 10
276 12
277 12
278 7
279 7
280 8
281 8
282 12
283 10
284 9
285 14
286 12
287 13
288 9
289 13
290 13
291 12
292 13
293 12
294 9
295 12
296 9
297 11
298 7
299 9
300 11
301 9
302 8
303 9
304 9
305 11
306 8
307 5
308 5
309 11
310 12
311 9
312 3
313 6
314 6
315 5
316 6
317 6
318 4
319 7
320 7
321 8
322 7
323 4
324 8
325 9
326 8
327 8
328 9
329 12
330 12
331 9
332 10
333 5
334 8
335 5
336 13
337 10
338 8
339 9
340 10
341 9
342 10
343 9
344 8
345 8
346 9
347 6
348 8
349 12
350 11
351 9
352 12
353 11
354 8
355 13
356 8
357 12
358 12
359 9
360 8
361 8
362 11
363 8
364 9
365 8
366 9
367 9
368 8
369 11
370 6
371 7
372 7
373 9
374 10
375 7
376 7
377 6
378 7
379 9
380 7
381 7
382 7
383 8
384 5
385 7
386 8
387 5
388 7
389 9
390 10
391 8
392 6
393 8
394 9
395 12
396 9
397 9
398 9
399 5
400 13
401 14
402 7
403 9
404 5
405 6
406 12
407 7
408 10
409 8
410 12
411 14
412 8
413 8
414 8
415 7
416 5
417 6
418 9
419 10
420 6
421 8
422 6
423 9
424 8
425 6
426 4
427 3
428 12
429 8
430 11
431 7
432 8
433 8
434 7
435 11
436 7
437 11
438 9
439 11
440 5
441 8
442 7
443 7
444 9
445 9
446 8
447 8
448 9
449 8
450 8
451 9
452 9
453 9
454 12
455 8
456 8
457 7
458 7
459 7
460 11
461 5
462 7
463 6
464 8
465 10
466 13
467 9
468 9
469 13
470 8
471 6
472 13
473 13
474 6
475 11
476 9
477 14
478 10
479 10
480 8
481 12
482 12
483 11
484 10
485 9
486 8
487 8
488 8
489 8
490 8
491 5
492 9
493 9
494 6
495 8
496 11
497 9
498 7
499 7
500 7
501 9
502 8
503 10
504 10
505 8
506 6
507 6
508 6
509 10
510 10
511 6
512 10
513 3
514 6
515 5
516 6
517 10
518 8
519 6
520 3
521 14
522 9
523 6
524 10
525 7
526 6
527 7
528 11
529 8
530 6
531 7
532 6
533 3
534 6
535 6
536 6
537 10
538 9
539 10
540 6
541 6
542 10
543 8
544 8
545 8
546 8
547 9
548 9
549 9
550 11
551 8
552 6
553 10
554 10
555 11
556 12
557 16
558 11
559 10
560 11
561 10
562 9
563 10
564 12
565 9
566 10
567 9
568 8
569 8
570 6
571 10
572 7
573 8
574 8
575 8
576 11
577 15
578 11
579 8
580 9
581 11
582 6
583 12
584 11
585 10
586 9
587 6
588 6
589 10
590 14
591 6
592 6
593 6
594 6
595 10
596 9
597 8
598 6
599 6
600 11
601 9
602 8
603 11
604 8
605 11
606 16
607 13
608 11
609 8
610 12
611 12
612 10
613 9
614 8
615 12
616 9
617 10
618 11
619 9
620 11
621 11
622 11
623 11
624 9
625 12
626 13
627 9
628 9
629 14
630 10
631 13
632 10
633 10
634 11
635 9
636 9
637 10
638 13
639 9
640 12
641 17
642 14
643 10
644 16
645 10
646 9
647 7
648 7
649 11
650 10
651 8
652 12
653 10
654 11
655 13
656 12
657 9
658 12
659 12
660 9
661 8
662 7
663 12
664 9
665 14
666 8
667 9
668 4
669 7
670 7
671 7
672 8
673 6
674 9
675 7
676 9
677 10
678 6
679 6
680 7
681 9
682 5
683 7
684 5
685 6
686 7
687 9
688 7
689 7
690 5
691 5
692 7
693 12
694 10
695 7
696 8
697 5
698 7
699 3
700 10
701 14
702 10
703 15
704 8
705 10
706 10
707 10
708 12
709 17
710 7
711 10
712 8
713 10
714 7
715 10
716 10
717 12
718 9
719 8
720 11
721 8
722 10
723 8
724 10
725 10
726 14
727 13
728 12
729 9
730 14
731 6
732 8
733 8
734 6
735 10
736 9
737 6
738 4
739 9
740 8
741 10
742 8
743 8
744 6
745 9
746 8
747 12
748 7
749 10
750 13
751 13
752 11
753 11
754 9
755 10
756 14
757 7
758 7
759 8
760 9
761 12
762 9
763 10
764 9
765 7
766 8
767 11
768 9
769 7
770 14
771 10
772 5
773 5
774 8
775 7
776 6
777 7
778 7
779 8
780 7
781 11
782 8
783 4
784 6
785 6
786 8
787 11
788 6
789 9
790 5
791 7
792 7
793 5
794 5
795 6
796 5
797 7
798 11
799 13
800 7
801 10
802 8
803 7
804 13
805 8
806 5
807 10
808 13
809 6
810 5
811 6
812 3
813 6
814 3
815 8
816 7
817 8
818 9
819 10
820 8
821 9
822 9
823 15
824 12
825 8
826 8
827 10
828 7
829 8
830 10
831 12
832 8
833 13
834 10
835 12
836 7
837 6
838 8
839 8
840 9
841 10
842 8
843 11
844 8
845 6
846 7
847 6
848 5
849 3
850 7
851 11
852 9
853 12
854 10
855 11
856 7
857 10
858 13
859 9
860 15
861 12
862 10
863 12
864 7
865 3
866 7
867 5
868 10
869 5
870 10
871 7
872 11
873 7
874 8
875 6
876 11
877 10
878 15
879 14
880 16
881 13
882 13
883 16
884 14
885 10
886 10
887 8
888 11
889 15
890 11
891 6
892 8
893 6
894 8
895 11
896 9
897 5
898 10
899 9
900 12
901 12
902 9
903 9
904 8
905 9
906 12
907 6
908 7
909 10
910 7
911 10
912 10
913 9
914 7
915 13
916 11
917 13
918 6
919 3
920 7
921 13
922 8
923 10
924 10
925 8
926 7
927 9
928 9
929 7
930 9
931 8
932 9
933 7
934 8
935 8
936 13
937 7
938 10
939 6
940 11
941 10
942 8
943 10
944 9
945 13
946 11
947 11
948 9
949 9
950 16
951 11
952 8
953 13
954 8
955 8
956 10
957 14
958 9
959 9
960 8
961 8
962 10
963 12
964 10
965 9
966 7
967 17
968 5
969 11
970 3
971 12
972 7
973 7
974 7
975 10
976 7
977 12
978 9
979 13
980 14
981 12
982 13
983 5
984 5
985 3
986 3
987 7
988 9
989 9
990 9
991 9
992 12
993 9
994 7
995 7
996 9
997 7
998 9
999 10
1000 8
1001 9
1002 10
1003 10
1004 8
1005 10
1006 7
1007 10
1008 14
1009 9
1010 8
1011 10
1012 10
1013 7
1014 12
1015 10
1016 9
1017 5
1018 6
1019 3
1020 7
1021 7
1022 10
1023 9
1024 11
1025 10
1026 8
1027 13
1028 8
1029 10
1030 12
1031 11
1032 12
1033 12
1034 7
1035 8
1036 4
1037 8
1038 9
1039 6
1040 11
1041 8
1042 11
1043 14
1044 9
1045 12
1046 9
1047 11
1048 13
1049 9
1050 9
1051 10
1052 14
1053 12
1054 13
1055 14
1056 11
1057 15
1058 13
1059 16
1060 20
1061 9
1062 12
1063 14
1064 9
1065 18
1066 11
1067 11
1068 9
1069 19
1070 13
1071 7
1072 10
1073 7
1074 10
1075 10
1076 11
1077 6
1078 13
1079 9
1080 9
1081 9
1082 7
1083 8
1084 6
1085 11
1086 4
1087 6
1088 6
1089 8
1090 8
1091 6
1092 9
1093 10
1094 8
1095 9
1096 6
1097 6
1098 8
1099 6
1100 9
1101 12
1102 14
1103 6
1104 6
1105 7
1106 7
1107 9
1108 6
1109 7
1110 5
1111 7
1112 6
1113 10
1114 8
1115 6
1116 7
1117 6
1118 6
1119 6
1120 6
1121 8
1122 7
1123 9
1124 7
1125 7
1126 9
1127 7
1128 13
1129 9
1130 7
1131 10
1132 7
1133 7
1134 7
1135 7
1136 7
1137 10
1138 7
1139 9
1140 7
1141 8
1142 9
1143 9
1144 6
1145 10
1146 13
1147 4
1148 10
1149 13
1150 10
1151 4
1152 5
1153 10
1154 9
1155 11
1156 10
1157 5
1158 8
1159 8
1160 5
1161 9
1162 11
1163 10
1164 7
1165 9
1166 9
1167 9
1168 10
1169 11
1170 6
1171 9
1172 8
1173 10
1174 6
1175 10
1176 7
1177 9
1178 5
1179 14
1180 11
1181 11
1182 12
1183 8
1184 8
1185 6
1186 6
1187 6
1188 9
1189 11
1190 7
1191 4
1192 10
1193 11
1194 12
1195 8
1196 7
1197 9
1198 9
1199 8
1200 9
1201 11
1202 8
1203 5
1204 6
1205 9
1206 9
1207 17
1208 9
1209 5
1210 8
1211 12
1212 7
1213 7
1214 9
1215 6
1216 6
1217 9
1218 9
1219 8
1220 7
1221 8
1222 7
1223 7
1224 9
1225 7
1226 11
1227 9
1228 9
1229 9
1230 11
1231 8
1232 6
1233 8
1234 6
1235 12
1236 11
1237 10
1238 13
1239 7
1240 12
1241 12
1242 10
1243 10
1244 12
1245 11
1246 12
1247 10
1248 14
1249 14
1250 9
1251 11
1252 16
1253 7
1254 14
1255 18
1256 7
1257 7
1258 11
1259 9
1260 13
1261 9
1262 11
1263 10
1264 11
1265 11
1266 9
1267 10
1268 4
1269 8
1270 7
1271 7
1272 11
1273 5
1274 8
1275 10
1276 11
1277 7
1278 10
1279 10
1280 9
1281 7
1282 8
1283 7
1284 7
1285 11
1286 9
1287 7
1288 6
1289 12
1290 9
1291 6
1292 12
1293 9
1294 11
1295 8
1296 7
1297 7
1298 4
1299 12
1300 9
1301 11
1302 11
1303 6
1304 7
1305 8
1306 4
1307 11
1308 11
1309 12
1310 12
1311 5
1312 7
1313 11
1314 8
1315 5
1316 10
1317 12
1318 8
1319 11
1320 12
1321 9
1322 9
1323 6
1324 6
1325 8
1326 6
1327 7
1328 8
1329 8
1330 10
1331 8
1332 8
1333 9
1334 5
1335 8
1336 10
1337 5
1338 7
1339 9
1340 7
1341 7
1342 7
1343 9
1344 10
1345 10
1346 10
1347 6
1348 9
1349 6
1350 8
1351 10
1352 9
1353 8
1354 7
1355 6
1356 8
1357 4
1358 9
1359 10
1360 8
1361 11
1362 14
1363 10
1364 14
1365 12
1366 10
1367 10
1368 10
1369 14
1370 9
1371 13
1372 11
1373 9
1374 12
1375 10
1376 10
1377 9
1378 6
1379 9
1380 6
1381 13
1382 10
1383 15
1384 4
1385 7
1386 9
1387 11
1388 8
1389 8
1390 10
1391 8
1392 11
1393 9
1394 11
1395 12
1396 10
1397 10
1398 9
1399 9
1400 13
1401 8
1402 7
1403 9
1404 8
1405 13
1406 9
1407 9
1408 9
1409 9
1410 11
1411 10
1412 13
1413 8
1414 11
1415 7
1416 4
1417 4
1418 8
1419 10
1420 9
1421 9
1422 11
1423 9
1424 8
1425 7
1426 10
1427 8
1428 9
1429 12
1430 11
1431 8
1432 8
1433 6
1434 9
1435 11
1436 12
1437 9
1438 10
1439 9
1440 12
1441 7
1442 9
1443 12
1444 2
1445 8
1446 9
1447 9
1448 4
1449 12
1450 7
1451 7
1452 11
1453 9
1454 10
1455 6
1456 8
1457 7
1458 9
1459 10
1460 7
1461 6
1462 6
1463 6
1464 8
1465 6
1466 7
1467 9
1468 5
1469 11
1470 7
1471 9
1472 10
1473 9
1474 6
1475 7
1476 10
1477 9
1478 6
1479 8
1480 13
1481 12
1482 15
1483 12
1484 11
1485 11
1486 9
1487 10
1488 10
1489 12
1490 16
1491 10
1492 8
1493 14
1494 7
1495 13
1496 7
1497 8
1498 10
1499 8
1500 7
1501 8
1502 8
1503 4
1504 7
1505 11
1506 6
1507 5
1508 7
1509 4
1510 9
1511 4
1512 6
1513 7
1514 8
1515 11
1516 8
1517 7
1518 9
1519 10
1520 16
1521 12
1522 12
1523 15
1524 14
1525 9
1526 11
1527 7
1528 13
1529 9
1530 7
1531 14
1532 9
1533 9
1534 10
1535 12
1536 13
1537 10
1538 9
1539 13
1540 14
1541 12
1542 12
1543 10
1544 17
1545 8
1546 14
1547 9
1548 13
1549 7
1550 16
1551 15
1552 12
1553 10
1554 12
1555 7
1556 8
1557 11
1558 12
1559 10
1560 7
1561 5
1562 12
1563 5
1564 7
1565 5
1566 9
1567 12
1568 7
1569 4
1570 6
1571 7
1572 9
1573 11
1574 9
1575 7
1576 11
1577 4
1578 11
1579 9
1580 11
1581 13
1582 13
1583 14
1584 11
1585 17
1586 12
1587 9
1588 7
1589 9
1590 8
1591 7
1592 10
1593 12
1594 11
1595 13
1596 14
1597 11
1598 8
1599 7
1600 6
1601 9
1602 6
1603 8
1604 5
1605 5
1606 8
1607 8
1608 9
1609 6
1610 9
1611 4
1612 11
1613 8
1614 11
1615 10
1616 13
1617 10
1618 4
1619 4
1620 6
1621 6
1622 8
1623 10
1624 11
1625 10
1626 11
1627 9
1628 9
1629 11
1630 8
1631 11
1632 5
1633 5
1634 3
1635 3
1636 5
1637 7
1638 6
1639 5
1640 3
1641 5
1642 7
1643 5
1644 5
1645 2
1646 8
1647 17
1648 12
1649 6
1650 11
1651 12
1652 8
1653 12
1654 4
1655 5
1656 5
1657 7
1658 8
1659 10
1660 8
1661 4
1662 10
1663 5
1664 8
1665 11
1666 10
1667 10
1668 11
1669 8
1670 8
1671 10
1672 8
1673 9
1674 5
1675 8
1676 7
1677 8
1678 6
1679 6
1680 10
1681 1
1682 7
1683 4
1684 9
1685 3
1686 9
1687 10
1688 5
1689 5
1690 8
1691 8
1692 5
1693 3
1694 1
1695 4
1696 9
1697 5
1698 4
1699 6
1700 7
1701 7
1702 8
1703 5
1704 5
1705 2
1706 8
1707 4
1708 1
1709 10
1710 6
1711 6
1712 7
1713 8
1714 7
1715 8
1716 3
1717 8
1718 5
1719 8
1720 6
1721 5
1722 5
1723 5
1724 11
1725 13
1726 15
1727 8
1728 13
1729 10
1730 11
1731 8
1732 7
1733 8
1734 6
1735 13
1736 12
1737 6
1738 10
1739 9
1740 8
1741 10
1742 7
1743 10
1744 10
1745 5
1746 5
1747 8
1748 7
1749 8
1750 7
1751 8
1752 13
1753 6
1754 5
1755 6
1756 9
1757 5
1758 7
1759 7
1760 8
1761 12
1762 5
1763 6
1764 8
1765 7
1766 8
1767 5
1768 7
1769 8
1770 6
1771 10
1772 7
1773 9
1774 6
1775 10
1776 4
1777 6
1778 8
1779 7
1780 7
1781 10
1782 8
1783 5
1784 7
1785 5
1786 8
1787 5
1788 7
1789 7
1790 11
1791 5
1792 8
1793 7
1794 7
1795 8
1796 9
1797 5
1798 10
1799 6
1800 8
1801 6
1802 11
1803 10
1804 7
1805 7
1806 9
1807 8
1808 7
1809 9
1810 11
1811 5
1812 6
1813 6
1814 8
1815 7
1816 8
1817 5
1818 7
1819 7
1820 8
1821 6
1822 7
1823 9
1824 9
1825 7
1826 5
1827 10
1828 8
1829 9
1830 8
1831 9
1832 6
1833 8
1834 6
1835 7
1836 6
1837 6
1838 7
1839 8
1840 8
1841 7
1842 9
1843 8
1844 5
1845 7
1846 11
1847 5
1848 9
1849 9
1850 5
1851 3
1852 6
1853 8
1854 7
1855 8
1856 7
1857 6
1858 4
1859 7
1860 9
1861 7
1862 9
1863 11
1864 6
1865 7
1866 8
1867 10
1868 9
1869 8
1870 11
1871 7
1872 14
1873 10
1874 10
1875 5
1876 7
1877 12
1878 10
1879 10
1880 12
1881 11
1882 15
1883 15
1884 9
1885 6
1886 9
1887 14
1888 7
1889 8
1890 7
1891 6
1892 5
1893 5
1894 6
1895 8
1896 8
1897 11
1898 5
1899 10
1900 9
1901 10
1902 12
1903 10
1904 9
1905 8
1906 8
1907 11
1908 5
1909 7
1910 8
1911 5
1912 10
1913 8
1914 11
1915 6
1916 8
1917 9
1918 14
1919 9
1920 10
1921 8
1922 8
1923 8
1924 9
1925 8
1926 8
1927 11
1928 9
1929 6
1930 14
1931 13
1932 10
1933 13
1934 9
1935 9
1936 8
1937 5
1938 14
1939 8
1940 7
1941 7
1942 6
1943 9
1944 12
1945 8
1946 5
1947 8
1948 8
1949 6
1950 8
1951 7
1952 8
1953 9
1954 13
1955 11
1956 11
1957 9
1958 10
1959 7
1960 9
1961 10
1962 9
1963 8
1964 9
1965 8
1966 11
1967 11
1968 7
1969 12
1970 9
1971 10
1972 5
1973 12
1974 12
1975 6
1976 8
1977 11
1978 11
1979 10
1980 11
1981 11
1982 12
1983 10
1984 5
1985 11
1986 8
1987 9
1988 4
1989 6
1990 10
1991 6
1992 9
1993 9
1994 7
1995 8
1996 6
1997 9
1998 9
1999 8
2000 8
2001 7
2002 13
2003 9
2004 9
2005 11
2006 7
2007 10
2008 13
2009 8
2010 3
2011 11
2012 7
2013 14
2014 8
2015 8
2016 5
2017 5
2018 8
2019 10
2020 12
2021 6
2022 5
2023 12
2024 6
2025 9
2026 6
2027 7
2028 10
2029 12
2030 9
2031 7
2032 9
2033 10
2034 7
2035 9
2036 8
2037 7
2038 8
2039 7
2040 8
2041 12
2042 10
2043 9
2044 6
2045 9
2046 10
2047 6
2048 11
2049 11
2050 8
2051 10
2052 8
2053 10
2054 11
2055 7
2056 7
2057 6
2058 8
2059 11
2060 5
2061 5
2062 4
2063 11
2064 11
2065 6
2066 6
2067 9
2068 6
2069 6
2070 7
2071 11
2072 12
2073 10
2074 6
2075 5
2076 6
2077 8
2078 6
2079 8
2080 8
2081 8
2082 4
2083 5
2084 9
2085 7
2086 7
2087 13
2088 12
2089 10
2090 8
2091 8
2092 11
2093 12
2094 10
2095 10
2096 11
2097 6
2098 8
2099 9
2100 10
2101 7
2102 8
2103 11
2104 13
2105 7
2106 11
2107 6
2108 10
2109 10
2110 13
2111 14
2112 13
2113 15
2114 10
2115 9
2116 11
2117 10
2118 9
2119 11
2120 13
2121 12
2122 10
2123 17
2124 11
2125 14
2126 12
2127 13
2128 15
2129 17
2130 9
2131 6
2132 9
2133 9
2134 13
2135 11
2136 9
2137 7
2138 9
2139 8
2140 10
2141 9
2142 6
2143 10
2144 11
2145 11
2146 9
2147 8
2148 9
2149 11
2150 7
2151 6
2152 10
2153 16
2154 14
2155 8
2156 13
2157 11
2158 6
2159 9
2160 10
2161 15
2162 10
2163 8
2164 9
2165 9
2166 9
2167 12
2168 12
2169 12
2170 16
2171 10
2172 11
2173 9
2174 11
2175 8
2176 11
2177 14
2178 14
2179 12
2180 13
2181 16
2182 11
2183 13
2184 11
2185 12
2186 11
2187 13
2188 13
2189 10
2190 14
2191 10
2192 12
2193 14
2194 11
2195 15
2196 12
2197 14
2198 10
2199 6
2200 8
2201 11
2202 8
2203 9
2204 5
2205 16
2206 5
2207 12
2208 7
2209 13
2210 6
2211 10
2212 10
2213 6
2214 6
2215 4
2216 11
2217 12
2218 8
2219 11
2220 9
2221 11
2222 6
2223 10
2224 11
2225 7
2226 8
2227 10
2228 6
2229 8
2230 7
2231 10
2232 8
2233 12
2234 6
2235 10
2236 8
2237 6
2238 9
2239 4
2240 4
2241 4
2242 6
2243 6
2244 9
2245 8
2246 7
2247 9
2248 8
2249 6
2250 8
2251 13
2252 8
2253 9
2254 9
2255 7
2256 7
2257 6
2258 6
2259 6
2260 8
2261 15
2262 14
2263 7
2264 8
2265 8
2266 8
2267 6
2268 11
2269 6
2270 9
2271 7
2272 7
2273 5
2274 3
2275 5
2276 8
2277 8
2278 8
2279 10
2280 6
2281 8
2282 10
2283 5
2284 10
2285 8
2286 9
2287 5
2288 9
2289 8
2290 11
2291 7
2292 7
2293 9
2294 9
2295 8
2296 8
2297 11
2298 9
2299 9
2300 13
2301 8
2302 8
2303 10
2304 8
2305 9
2306 6
2307 7
2308 8
2309 8
2310 9
2311 11
2312 8
2313 8
2314 7
2315 8
2316 15
2317 10
2318 10
2319 16
2320 6
2321 10
2322 5
2323 9
2324 9
2325 11
2326 11
2327 8
2328 11
2329 8
2330 8
2331 10
2332 12
2333 7
2334 11
2335 8
2336 7
2337 11
2338 7
2339 7
2340 7
2341 9
2342 7
2343 10
2344 7
2345 6
2346 8
2347 9
2348 7
2349 7
2350 10
2351 7
2352 9
2353 7
2354 7
2355 9
2356 13
2357 13
2358 8
2359 8
2360 13
2361 8
2362 12
2363 12
2364 8
2365 11
2366 11
2367 8
2368 12
2369 9
2370 12
2371 11
2372 8
2373 7
2374 11
2375 13
2376 9
2377 8
2378 10
2379 11
2380 8
2381 11
2382 5
2383 8
2384 7
2385 12
2386 12
2387 11
2388 12
2389 16
2390 11
2391 12
2392 11
2393 11
2394 11
2395 16
2396 12
2397 11
2398 11
2399 8
2400 8
2401 14
2402 9
2403 9
2404 15
2405 8
2406 10
2407 9
2408 9
2409 10
2410 8
2411 11
2412 7
2413 10
2414 9
2415 7
2416 14
2417 8
2418 8
2419 9
2420 6
2421 8
2422 10
2423 11
2424 10
2425 16
2426 11
2427 10
2428 8
2429 9
2430 14
2431 11
2432 6
2433 8
2434 7
2435 9
2436 12
2437 12
2438 11
2439 11
2440 7
2441 9
2442 9
2443 8
2444 12
2445 12
2446 13
2447 9
2448 9
2449 11
2450 10
2451 10
2452 7
2453 11
2454 10
2455 5
2456 7
2457 9
2458 11
2459 12
2460 11
2461 8
2462 11
2463 6
2464 8
2465 13
2466 10
2467 6
2468 6
2469 8
2470 7
2471 7
2472 6
2473 6
2474 7
2475 7
2476 8
2477 6
2478 7
2479 4
2480 6
2481 9
2482 9
2483 11
2484 13
2485 9
2486 9
2487 11
2488 10
2489 10
2490 5
2491 7
2492 9
2493 11
2494 9
2495 11
2496 10
2497 8
2498 10
2499 11
2500 8
2501 9
2502 10
2503 5
2504 10
2505 11
2506 11
2507 10
2508 8
2509 12
2510 11
2511 11
2512 11
2513 11
2514 7
2515 9
2516 14
2517 9
2518 7
2519 11
2520 15
2521 9
2522 10
2523 8
2524 7
2525 11
2526 7
2527 17
2528 10
2529 14
2530 11
2531 12
2532 10
2533 14
2534 15
2535 8
2536 13
2537 12
2538 10
2539 10
2540 6
2541 10
2542 10
2543 15
2544 10
2545 10
2546 7
2547 8
2548 8
2549 10
2550 11
2551 11
2552 6
2553 12
2554 11
2555 7
2556 9
2557 10
2558 11
2559 5
2560 13
2561 10
2562 10
2563 6
2564 8
2565 12
2566 11
2567 8
2568 10
2569 8
2570 5
2571 5
2572 7
2573 7
2574 5
2575 9
2576 7
2577 7
2578 9
2579 7
2580 4
2581 9
2582 7
2583 9
2584 9
2585 11
2586 4
2587 6
2588 6
2589 6
2590 6
2591 8
2592 6
2593 9
2594 8
2595 7
2596 10
2597 10
2598 9
2599 5
2600 9
2601 8
2602 7
2603 14
2604 8
2605 12
2606 8
2607 3
2608 8
2609 13
2610 5
2611 8
2612 6
2613 8
2614 5
2615 8
2616 3
2617 5
2618 7
2619 9
2620 10
2621 8
2622 5
2623 8
2624 14
2625 5
2626 9
2627 8
2628 10
2629 7
2630 9
2631 11
2632 10
2633 10
2634 10
2635 10
2636 9
2637 18
2638 16
2639 11
2640 5
2641 6
2642 8
2643 5
2644 10
2645 6
2646 10
2647 10
2648 8
2649 3
2650 7
2651 7
2652 8
2653 11
2654 9
2655 11
2656 8
2657 8
2658 9
2659 7
2660 8
2661 15
2662 11
2663 10
2664 9
2665 7
2666 11
2667 6
2668 8
2669 7
2670 9
2671 8
2672 5
2673 10
2674 11
2675 6
2676 5
2677 6
2678 5
2679 12
2680 13
2681 8
2682 10
2683 5
2684 12
2685 3
2686 6
2687 12
2688 8
2689 12
2690 9
2691 10
2692 9
2693 7
2694 10
2695 9
2696 9
2697 11
2698 10
2699 8
2700 7
2701 10
2702 9
2703 7
2704 10
2705 11
2706 10
2707 11
2708 14
2709 10
2710 11
2711 8
2712 11
2713 11
2714 5
2715 9
2716 11
2717 7
2718 10
2719 10
2720 6
2721 8
2722 8
2723 12
2724 10
2725 9
2726 8
2727 11
2728 11
2729 9
2730 12
2731 13
2732 10
2733 10
2734 11
2735 13
2736 10
2737 16
2738 12
2739 7
2740 13
2741 8
2742 11
2743 8
2744 8
2745 10
2746 11
2747 8
2748 10
2749 6
2750 9
2751 11
2752 9
2753 10
2754 10
2755 8
2756 12
2757 10
2758 7
2759 12
2760 8
2761 8
2762 11
2763 7
2764 9
2765 9
2766 17
2767 10
2768 5
2769 13
2770 13
2771 19
2772 11
2773 10
2774 9
2775 8
2776 8
2777 7
2778 9
2779 9
2780 9
2781 7
2782 8
2783 5
2784 4
2785 8
2786 4
2787 6
2788 4
2789 4
2790 6
2791 4
2792 9
2793 5
2794 4
2795 4
2796 4
2797 4
2798 4
2799 6
2800 4
2801 7
2802 8
2803 5
2804 4
2805 7
2806 4
2807 5
2808 4
2809 4
2810 2
2811 9
2812 4
2813 3
2814 6
2815 5
2816 5
2817 3
2818 5
2819 3
2820 4
2821 5
2822 5
2823 5
2824 2
2825 12
2826 10
2827 1
2828 10
2829 9
2830 7
2831 7
2832 8
2833 8
2834 8
2835 9
2836 3
2837 8
2838 10
2839 6
2840 7
2841 6
2842 6
2843 6
2844 8
2845 6
2846 7
2847 9
2848 6
2849 8
2850 6
2851 9
2852 11
2853 11
2854 7
2855 5
2856 11
2857 8
2858 5
2859 7
2860 9
2861 7
2862 7
2863 12
2864 5
2865 7
2866 5
2867 5
2868 6
2869 8
2870 5
2871 11
2872 5
2873 7
2874 6
2875 8
2876 5
2877 6
2878 5
2879 7
2880 5
2881 5
2882 9
2883 4
2884 7
2885 9
2886 9
2887 8
2888 5
2889 6
2890 3
2891 5
2892 8
2893 7
2894 5
2895 5
2896 5
2897 7
2898 10
2899 10
2900 3
2901 9
2902 7
2903 6
2904 5
2905 5
2906 5
2907 6
2908 10
2909 8
2910 7
2911 5
2912 9
2913 8
2914 7
2915 8
2916 6
2917 6
2918 8
2919 6
2920 6
2921 8
2922 7
2923 6
2924 11
2925 13
2926 13
2927 6
2928 9
2929 7
2930 6
2931 6
2932 6
2933 4
2934 7
2935 9
2936 7
2937 9
2938 5
2939 7
2940 7
2941 5
2942 5
2943 7
2944 10
2945 5
2946 8
2947 12
2948 7
2949 3
2950 6
2951 6
2952 7
2953 10
2954 6
2955 7
2956 7
2957 6
2958 6
2959 6
2960 11
2961 11
2962 7
2963 5
2964 10
2965 6
2966 9
2967 7
2968 10
2969 9
2970 6
2971 8
2972 8
2973 5
2974 5
2975 7
2976 5
2977 9
2978 7
2979 8
2980 6
2981 6
2982 5
2983 5
2984 7
2985 8
2986 5
2987 6
2988 8
2989 8
2990 3
2991 5
2992 6
2993 6
2994 6
2995 6
2996 8
2997 6
2998 15
2999 9
3000 10
3001 6
3002 8
3003 3
3004 12
3005 5
3006 5
3007 9
3008 6
3009 11
3010 8
3011 9
3012 6
3013 9
3014 8
3015 7
3016 10
3017 12
3018 7
3019 7
3020 6
3021 8
3022 6
3023 9
3024 8
3025 8
3026 9
3027 10
3028 7
3029 8
3030 5
3031 8
3032 8
3033 13
3034 8
3035 10
3036 8
3037 7
3038 10
3039 9
3040 6
3041 9
3042 5
3043 7
3044 10
3045 9
3046 7
3047 5
3048 7
3049 12
3050 6
3051 9
3052 9
3053 8
3054 10
3055 4
3056 12
3057 6
3058 9
3059 8
3060 10
3061 9
3062 6
3063 7
3064 7
3065 14
3066 8
3067 8
3068 6
3069 6
3070 8
3071 6
3072 11
3073 6
3074 8
3075 8
3076 3
3077 10
3078 6
3079 6
3080 7
3081 6
3082 9
3083 6
3084 6
3085 9
3086 6
3087 7
3088 6
3089 7
3090 7
3091 7
3092 11
3093 5
3094 6
3095 10
3096 8
3097 6
3098 6
3099 8
3100 7
3101 11
3102 6
3103 10
3104 13
3105 6
3106 10
3107 8
3108 10
3109 14
3110 15
3111 10
3112 9
3113 11
3114 7
3115 6
3116 6
3117 11
3118 6
3119 9
3120 8
3121 10
3122 7
3123 10
3124 7
3125 10
3126 6
3127 8
3128 7
3129 14
3130 6
3131 9
3132 11
3133 9
3134 6
3135 7
3136 8
3137 6
3138 8
3139 8
3140 7
3141 8
3142 8
3143 9
3144 9
3145 7
3146 7
3147 9
3148 3
3149 6
3150 4
3151 6
3152 6
3153 6
3154 6
3155 6
3156 7
3157 11
3158 9
3159 8
3160 6
3161 6
3162 10
3163 6
3164 8
3165 7
3166 7
3167 9
3168 6
3169 6
3170 6
3171 6
3172 6
3173 7
3174 6
3175 7
3176 13
3177 6
3178 6
3179 7
3180 13
3181 4
3182 4
3183 8
3184 11
3185 7
3186 6
3187 6
3188 7
3189 5
3190 6
3191 8
3192 8
3193 6
3194 10
3195 7
3196 7
3197 6
3198 7
3199 5
3200 7
3201 11
3202 10
3203 6
3204 10
3205 7
3206 4
3207 9
3208 9
3209 12
3210 9
3211 8
3212 8
3213 8
3214 6
3215 6
3216 8
3217 7
3218 7
3219 6
3220 6
3221 5
3222 6
3223 7
3224 8
3225 7
3226 6
3227 8
3228 8
3229 7
3230 8
3231 8
3232 10
3233 6
3234 9
3235 7
3236 6
3237 5
3238 10
3239 10
3240 8
3241 11
3242 9
3243 6
3244 8
3245 10
3246 10
3247 8
3248 10
3249 11
3250 12
3251 5
3252 13
3253 8
3254 6
3255 9
3256 6
3257 12
3258 12
3259 7
3260 6
3261 6
3262 8
3263 4
3264 7
3265 9
3266 7
3267 8
3268 6
3269 4
3270 7
3271 5
3272 7
3273 8
3274 11
3275 15
3276 12
3277 8
3278 8
3279 7
3280 8
3281 13
3282 8
3283 8
3284 8
3285 7
3286 5
3287 7
3288 7
3289 8
3290 7
3291 8
3292 8
3293 8
3294 8
3295 12
3296 7
3297 7
3298 10
3299 9
3300 9
3301 8
3302 8
3303 10
3304 9
3305 8
3306 9
3307 8
3308 10
3309 9
3310 9
3311 12
3312 5
3313 8
3314 9
3315 7
3316 11
3317 7
3318 7
3319 8
3320 11
3321 7
3322 7
3323 9
3324 12
3325 7
3326 5
3327 8
3328 15
3329 9
3330 8
3331 8
3332 11
3333 7
3334 10
3335 6
3336 8
3337 8
3338 9
3339 12
3340 12
3341 14
3342 5
3343 7
3344 8
3345 8
3346 6
3347 10
3348 9
3349 13
3350 9
3351 9
3352 9
3353 7
3354 9
3355 7
3356 7
3357 5
3358 7
3359 9
3360 5
3361 8
3362 7
3363 7
3364 8
3365 6
3366 3
3367 5
3368 8
3369 8
3370 6
3371 8
3372 3
3373 5
3374 7
3375 6
3376 6
3377 7
3378 6
3379 7
3380 4
3381 7
3382 4
3383 9
3384 6
3385 10
3386 8
3387 7
3388 6
3389 6
3390 9
3391 6
3392 12
3393 5
3394 5
3395 5
3396 5
3397 5
3398 5
3399 10
3400 5
3401 5
3402 9
3403 13
3404 9
3405 10
3406 6
3407 5
3408 3
3409 8
3410 10
3411 8
3412 19
3413 8
3414 10
3415 6
3416 9
3417 6
3418 3
3419 8
3420 10
3421 7
3422 7
3423 11
3424 8
3425 12
3426 11
3427 9
3428 7
3429 8
3430 8
3431 10
3432 12
3433 10
3434 15
3435 11
3436 7
3437 10
3438 14
3439 3
3440 8
3441 7
3442 9
3443 10
3444 5
3445 8
3446 9
3447 10
3448 11
3449 7
3450 9
3451 9
3452 6
3453 7
3454 9
3455 12
3456 8
3457 5
3458 7
3459 7
3460 11
3461 3
3462 5
3463 8
3464 9
3465 7
3466 3
3467 9
3468 8
3469 6
3470 8
3471 8
3472 9
3473 9
3474 9
3475 9
3476 7
3477 10
3478 7
3479 10
3480 7
3481 8
3482 13
3483 8
3484 9
3485 10
3486 9
3487 9
3488 8
3489 8
3490 9
3491 12
3492 9
3493 9
3494 7
3495 7
3496 7
3497 8
3498 10
3499 7
3500 9
3501 9
3502 8
3503 10
3504 10
3505 10
3506 9
3507 7
3508 9
3509 13
3510 11
3511 5
3512 8
3513 8
3514 9
3515 8
3516 8
3517 9
3518 9
3519 9
3520 9
3521 8
3522 8
3523 9
3524 6
3525 8
3526 12
3527 8
3528 7
3529 10
3530 11
3531 15
3532 12
3533 6
3534 11
3535 8
3536 9
3537 8
3538 8
3539 8
3540 8
3541 9
3542 8
3543 11
3544 9
3545 10
3546 6
3547 9
3548 8
3549 8
3550 8
3551 9
3552 9
3553 8
3554 14
3555 11
3556 8
3557 9
3558 16
3559 13
3560 10
3561 7
3562 8
3563 10
3564 6
3565 8
3566 13
3567 9
3568 9
3569 13
3570 11
3571 9
3572 9
3573 7
3574 11
3575 5
3576 7
3577 8
3578 11
3579 10
3580 7
3581 7
3582 11
3583 8
3584 13
3585 14
3586 5
3587 10
3588 10
3589 11
3590 10
3591 8
3592 9
3593 10
3594 11
3595 10
3596 7
3597 10
3598 5
3599 4
3600 4
3601 2
3602 4
3603 2
3604 6
3605 3
3606 2
3607 11
3608 10
3609 10
3610 11
3611 9
3612 9
3613 9
3614 11
3615 9
3616 10
3617 6
3618 10
3619 15
3620 10
3621 11
3622 8
3623 6
3624 4
3625 9
3626 9
3627 4
3628 6
3629 4
3630 7
3631 9
3632 10
3633 9
3634 9
3635 7
3636 4
3637 8
3638 8
3639 7
3640 6
3641 8
3642 8
3643 5
3644 8
3645 8
3646 7
3647 9
3648 7
3649 16
3650 11
3651 11
3652 11
3653 10
3654 10
3655 11
3656 10
3657 6
3658 11
3659 5
3660 9
3661 6
3662 9
3663 6
3664 6
3665 8
3666 8
3667 6
3668 7
3669 8
3670 7
3671 10
3672 7
3673 11
3674 7
3675 7
3676 10
3677 7
3678 8
3679 16
3680 11
3681 12
3682 17
3683 13
3684 15
3685 11
3686 7
3687 7
3688 7
3689 5
3690 7
3691 9
3692 7
3693 13
3694 5
3695 8
3696 5
3697 10
3698 7
3699 10
3700 10
3701 7
3702 8
3703 13
3704 8
3705 7
3706 9
3707 7
3708 8
3709 8
3710 10
3711 5
3712 15
3713 8
3714 6
3715 8
3716 13
3717 8
3718 7
3719 14
3720 9
3721 9
3722 11
3723 8
3724 12
3725 10
3726 7
3727 10
3728 11
3729 11
3730 14
3731 11
3732 7
3733 2
3734 4
3735 5
3736 8
3737 5
3738 6
3739 6
3740 9
3741 6
3742 8
3743 6
3744 5
3745 5
3746 7
3747 7
3748 8
3749 7
3750 4
3751 6
3752 4
3753 5
3754 7
3755 4
3756 5
3757 2
3758 6
3759 6
3760 6
3761 10
3762 8
3763 7
3764 8
3765 5
3766 4
3767 7
3768 10
3769 6
3770 9
3771 13
3772 8
3773 12
3774 11
3775 10
3776 11
3777 15
3778 14
3779 7
3780 9
3781 11
3782 11
3783 13
3784 10
3785 7
3786 11
3787 8
3788 6
3789 8
3790 8
3791 9
3792 8
3793 10
3794 8
3795 6
3796 12
3797 7
3798 6
3799 8
3800 10
3801 5
3802 5
3803 7
3804 8
3805 11
3806 6
3807 5
3808 5
3809 6
3810 6
3811 9
3812 2
3813 4
3814 10
3815 9
3816 7
3817 8
3818 4
3819 9
3820 10
3821 11
3822 12
3823 8
3824 7
3825 9
3826 4
3827 6
3828 7
3829 7
3830 4
3831 6
3832 10
3833 8
3834 10
3835 7
3836 11
3837 10
3838 7
3839 7
3840 6
3841 9
3842 7
3843 7
3844 9
3845 6
3846 10
3847 7
3848 11
3849 7
3850 6
3851 7
3852 7
3853 4
3854 6
3855 6
3856 6
3857 11
3858 9
3859 5
3860 5
3861 7
3862 7
3863 7
3864 7
3865 10
3866 8
3867 6
3868 7
3869 6
3870 6
3871 8
3872 6
3873 6
3874 7
3875 13
3876 13
3877 12
3878 9
3879 8
3880 8
3881 8
3882 7
3883 13
3884 7
3885 12
3886 8
3887 7
3888 7
3889 11
3890 9
3891 6
3892 6
3893 8
3894 7
3895 7
3896 11
3897 7
3898 8
3899 10
3900 10
3901 5
3902 8
3903 9
3904 10
3905 9
3906 13
3907 14
3908 10
3909 13
3910 7
3911 4
3912 7
3913 7
3914 8
3915 10
3916 11
3917 5
3918 9
3919 10
3920 7
3921 9
3922 9
3923 11
3924 8
3925 6
3926 7
3927 6
3928 7
3929 8
3930 13
3931 6
3932 6
3933 13
3934 4
3935 6
3936 6
3937 14
3938 12
3939 13
3940 9
3941 6
3942 11
3943 9
3944 8
3945 12
3946 10
3947 13
3948 9
3949 6
3950 14
3951 16
3952 11
3953 6
3954 17
3955 6
3956 6
3957 11
3958 11
3959 9
3960 6
3961 6
3962 12
3963 8
3964 11
3965 6
3966 4
3967 12
3968 13
3969 11
3970 9
3971 8
3972 6
3973 8
3974 9
3975 12
3976 9
3977 9
3978 4
3979 9
3980 6
3981 10
3982 10
3983 11
3984 11
3985 10
3986 7
3987 9
3988 8
3989 5
3990 8
3991 10
3992 12
3993 9
3994 9
3995 9
3996 6
3997 7
3998 8
3999 11
4000 12
4001 7
4002 7
4003 10
4004 11
4005 6
4006 8
4007 10
4008 8
4009 10
4010 10
4011 8
4012 10
4013 7
4014 9
4015 7
4016 7
4017 9
4018 9
4019 9
4020 13
4021 9
4022 6
4023 8
4024 6
4025 9
4026 9
4027 11
4028 9
4029 9
4030 9
4031 9
4032 12
4033 9
4034 9
4035 10
4036 7
4037 11
4038 7
4039 13
4040 12
4041 9
4042 12
4043 7
4044 9
4045 9
4046 11
4047 11
4048 8
4049 12
4050 16
4051 12
4052 12
4053 17
4054 15
4055 11
4056 14
4057 7
4058 10
4059 13
4060 7
4061 10
4062 11
4063 10
4064 10
4065 8
4066 11
4067 7
4068 8
4069 8
4070 10
4071 7
4072 8
4073 11
4074 12
4075 7
4076 10
4077 10
4078 14
4079 12
4080 11
4081 13
4082 14
4083 10
4084 11
4085 9
4086 6
4087 7
4088 6
4089 10
4090 7
4091 12
4092 8
4093 5
4094 11
4095 7
4096 8
4097 9
4098 16
4099 11
4100 8
4101 6
4102 9
4103 11
4104 10
4105 7
4106 8
4107 12
4108 6
4109 13
4110 5
4111 7
4112 9
4113 10
4114 9
4115 9
4116 7
4117 7
4118 5
4119 9
4120 8
4121 11
4122 7
4123 7
4124 10
4125 10
4126 6
4127 6
4128 9
4129 9
4130 4
4131 10
4132 12
4133 6
4134 6
4135 13
4136 6
4137 9
4138 8
4139 9
4140 4
4141 8
4142 13
4143 9
4144 13
4145 10
4146 9
4147 12
4148 13
4149 12
4150 8
4151 7
4152 8
4153 7
4154 7
4155 5
4156 9
4157 10
4158 8
4159 11
4160 6
4161 9
4162 10
4163 6
4164 4
4165 8
4166 6
4167 12
4168 8
4169 8
4170 6
4171 6
4172 8
4173 7
4174 7
4175 11
4176 11
4177 11
4178 5
4179 5
4180 10
4181 8
4182 14
4183 7
4184 7
4185 11
4186 7
4187 7
4188 9
4189 10
4190 10
4191 8
4192 9
4193 7
4194 9
4195 6
4196 11
4197 9
4198 9
4199 7
4200 10
4201 6
4202 4
4203 16
4204 12
4205 6
4206 7
4207 7
4208 6
4209 9
4210 10
4211 4
4212 10
4213 12
4214 9
4215 8
4216 12
4217 12
4218 12
4219 11
4220 9
4221 12
4222 10
4223 13
4224 13
4225 13
4226 9
4227 12
4228 14
4229 15
4230 9
4231 9
4232 9
4233 9
4234 4
4235 6
4236 9
4237 8
4238 11
4239 8
4240 8
4241 10
4242 10
4243 9
4244 7
4245 20
4246 12
4247 6
4248 14
4249 9
4250 6
4251 4
4252 10
4253 13
4254 13
4255 8
4256 12
4257 6
4258 12
4259 6
4260 7
4261 4
4262 16
4263 10
4264 4
4265 6
4266 8
4267 9
4268 11
4269 11
4270 10
4271 10
4272 8
4273 12
4274 9
4275 7
4276 9
4277 10
4278 9
4279 9
4280 9
4281 5
4282 3
4283 5
4284 11
4285 13
4286 16
4287 13
4288 10
4289 10
4290 12
4291 11
4292 13
4293 9
4294 5
4295 5
4296 7
4297 11
4298 7
4299 8
4300 8
4301 8
4302 10
4303 10
4304 8
4305 8
4306 5
4307 7
4308 8
4309 13
4310 8
4311 7
4312 7
4313 8
4314 8
4315 10
4316 6
4317 7
4318 5
4319 8
4320 9
4321 6
4322 11
4323 6
4324 11
4325 8
4326 10
4327 11
4328 13
4329 7
4330 9
4331 7
4332 14
4333 11
4334 11
4335 15
4336 10
4337 7
4338 11
4339 17
4340 10
4341 12
4342 15
4343 12
4344 11
4345 11
4346 10
4347 15
4348 17
4349 12
4350 19
4351 17
4352 14
4353 17
4354 20
4355 20
4356 14
4357 15
4358 17
4359 10
4360 10
4361 11
4362 11
4363 17
4364 18
4365 13
4366 23
4367 18
4368 16
4369 10
4370 10
4371 9
4372 12
4373 13
4374 17
4375 12
4376 11
4377 8
4378 10
4379 12
4380 11
4381 7
4382 11
4383 11
4384 14
4385 9
4386 15
4387 7
4388 12
4389 14
4390 12
4391 12
4392 11
4393 5
4394 14
4395 10
4396 5
4397 12
4398 9
4399 15
4400 10
4401 15
4402 5
4403 8
4404 8
4405 7
4406 10
4407 10
4408 9
4409 13
4410 9
4411 16
4412 9
4413 10
4414 9
4415 8
4416 12
4417 10
4418 10
4419 5
4420 8
4421 11
4422 11
4423 8
4424 8
4425 6
4426 10
4427 9
4428 8
4429 9
4430 12
4431 12
4432 15
4433 10
4434 10
4435 8
4436 10
4437 8
4438 11
4439 8
4440 10
4441 10
4442 8
4443 7
4444 10
4445 5
4446 5
4447 11
4448 12
4449 16
4450 10
4451 13
4452 12
4453 10
4454 15
4455 11
4456 8
4457 6
4458 9
4459 13
4460 11
4461 5
4462 10
4463 6
4464 8
4465 12
4466 8
4467 7
4468 5
4469 7
4470 13
4471 8
4472 7
4473 8
4474 7
4475 5
4476 11
4477 7
4478 5
4479 7
4480 5
4481 7
4482 7
4483 5
4484 7
4485 3
4486 7
4487 9
4488 8
4489 8
4490 9
4491 8
4492 10
4493 7
4494 10
4495 8
4496 8
4497 8
4498 6
4499 6
4500 8
4501 8
4502 10
4503 10
4504 13
4505 8
4506 7
4507 9
4508 9
4509 10
4510 12
4511 10
4512 12
4513 11
4514 7
4515 6
4516 8
4517 7
4518 7
4519 8
4520 8
4521 8
4522 12
4523 9
4524 8
4525 8
4526 6
4527 6
4528 6
4529 8
4530 10
4531 8
4532 9
4533 9
4534 11
4535 8
4536 10
4537 8
4538 10
4539 14
4540 8
4541 7
4542 8
4543 11
4544 10
4545 13
4546 11
4547 8
4548 7
4549 5
4550 12
4551 13
4552 9
4553 14
4554 6
4555 9
4556 7
4557 7
4558 11
4559 9
4560 11
4561 15
4562 13
4563 10
4564 10
4565 2
4566 4
4567 10
4568 10
4569 9
4570 8
4571 4
4572 4
4573 6
4574 17
4575 6
4576 7
4577 11
4578 6
4579 11
4580 6
4581 6
4582 8
4583 7
4584 5
4585 5
4586 9
4587 7
4588 9
4589 8
4590 8
4591 12
4592 10
4593 6
4594 12
4595 10
4596 8
4597 11
4598 11
4599 9
4600 11
4601 8
4602 9
4603 14
4604 10
4605 9
4606 13
4607 10
4608 11
4609 10
4610 9
4611 13
4612 10
4613 13
4614 9
4615 11
4616 7
4617 7
4618 9
4619 9
4620 7
4621 7
4622 6
4623 4
4624 11
4625 5
4626 12
4627 7
4628 5
4629 7
4630 9
4631 12
4632 5
4633 7
4634 9
4635 4
4636 8
4637 11
4638 12
4639 7
4640 10
4641 6
4642 5
4643 12
4644 4
4645 4
4646 11
4647 4
4648 10
4649 4
4650 2
4651 4
4652 11
4653 11
4654 6
4655 8
4656 4
4657 6
4658 7
4659 10
4660 8
4661 5
4662 7
4663 4
4664 8
4665 7
4666 7
4667 9
4668 8
4669 12
4670 7
4671 7
4672 8
4673 9
4674 9
4675 7
4676 9
4677 13
4678 8
4679 10
4680 7
4681 8
4682 8
4683 5
4684 8
4685 9
4686 7
4687 7
4688 4
4689 8
4690 9
4691 10
4692 12
4693 6
4694 10
4695 13
4696 11
4697 12
4698 9
4699 10
4700 7
4701 4
4702 11
4703 12
4704 8
4705 7
4706 5
4707 7
4708 4
4709 17
4710 4
4711 9
4712 7
4713 4
4714 11
4715 11
4716 9
4717 10
4718 14
4719 8
4720 12
4721 11
4722 11
4723 12
4724 9
4725 10
4726 4
4727 9
4728 8
4729 7
4730 13
4731 10
4732 7
4733 7
4734 8
4735 10
4736 7
4737 5
4738 5
4739 6
4740 6
4741 7
4742 11
4743 10
4744 7
4745 4
4746 6
4747 12
4748 8
4749 8
4750 14
4751 13
4752 14
4753 11
4754 10
4755 14
4756 9
4757 8
4758 8
4759 7
4760 18
4761 9
4762 7
4763 5
4764 7
4765 6
4766 10
4767 4
4768 8
4769 9
4770 11
4771 10
4772 10
4773 13
4774 8
4775 9
4776 8
4777 9
4778 10
4779 18
4780 11
4781 9
4782 11
4783 7
4784 14
4785 8
4786 7
4787 9
4788 9
4789 13
4790 8
4791 9
4792 7
4793 7
4794 9
4795 6
4796 10
4797 7
4798 8
4799 6
4800 6
4801 7
4802 9
4803 8
4804 7
4805 8
4806 9
4807 9
4808 14
4809 13
4810 7
4811 9
4812 9
4813 5
4814 7
4815 5
4816 5
4817 9
4818 12
4819 12
4820 11
4821 9
4822 9
4823 11
4824 11
4825 8
4826 10
4827 14
4828 9
4829 6
4830 8
4831 12
4832 9
4833 8
4834 9
4835 15
4836 6
4837 4
4838 11
4839 10
4840 11
4841 8
4842 9
4843 10
4844 2
4845 4
4846 4
4847 8
4848 5
4849 5
4850 13
4851 5
4852 12
4853 14
4854 15
4855 12
4856 7
4857 4
4858 14
4859 4
4860 6
4861 11
4862 13
4863 6
4864 9
4865 11
4866 10
4867 12
4868 9
4869 13
4870 7
4871 15
4872 8
4873 10
4874 10
4875 8
4876 4
4877 10
4878 8
4879 6
4880 7
4881 7
4882 7
4883 8
4884 10
4885 5
4886 9
4887 7
4888 8
4889 11
4890 11
4891 10
4892 10
4893 7
4894 7
4895 6
4896 4
4897 6
4898 5
4899 15
4900 4
4901 12
4902 12
4903 9
4904 13
4905 9
4906 4
4907 8
4908 8
4909 4
4910 9
4911 9
4912 6
4913 7
4914 7
4915 13
4916 9
4917 7
4918 9
4919 12
4920 10
4921 7
4922 4
4923 7
4924 11
4925 7
4926 7
4927 15
4928 8
4929 7
4930 5
4931 12
4932 7
4933 9
4934 6
4935 6
4936 6
4937 6
4938 8
4939 5
4940 6
4941 9
4942 12
4943 12
4944 10
4945 5
4946 6
4947 6
4948 8
4949 5
4950 11
4951 16
4952 9
4953 7
4954 5
4955 11
4956 8
4957 8
4958 9
4959 9
4960 8
4961 19
4962 10
4963 2
4964 9
4965 6
4966 9
4967 9
4968 10
4969 8
4970 6
4971 8
4972 8
4973 9
4974 9
4975 10
4976 9
4977 13
4978 10
4979 9
4980 9
4981 10
4982 11
4983 9
4984 12
4985 7
4986 12
4987 7
4988 7
4989 6
4990 14
4991 9
4992 15
4993 4
4994 10
4995 7
4996 4
4997 8
4998 8
4999 8
5000 10
5001 12
5002 13
5003 7
5004 5
5005 5
5006 7
5007 8
5008 6
5009 11
5010 8
5011 10
5012 7
5013 9
5014 9
5015 10
5016 8
5017 8
5018 4
5019 13
5020 9
5021 10
5022 8
5023 8
5024 8
5025 5
5026 3
5027 6
5028 7
5029 3
5030 7
5031 5
5032 8
5033 5
5034 5
5035 7
5036 6
5037 9
5038 5
5039 8
5040 8
5041 5
5042 4
5043 9
5044 9
5045 6
5046 9
5047 4
5048 6
5049 9
5050 6
5051 5
5052 3
5053 6
5054 8
5055 6
5056 10
5057 8
5058 7
5059 3
5060 8
5061 6
5062 9
5063 6
5064 10
5065 7
5066 7
5067 8
5068 7
5069 4
5070 5
5071 5
5072 4
5073 5
5074 5
5075 6
5076 5
5077 5
5078 4
5079 4
5080 5
5081 11
5082 5
5083 6
5084 5
5085 5
5086 2
5087 15
5088 11
5089 10
5090 15
5091 14
5092 14
5093 7
5094 10
5095 7
5096 11
5097 12
5098 4
5099 8
5100 7
5101 9
5102 5
5103 7
5104 5
5105 7
5106 6
5107 6
5108 12
5109 13
5110 9
5111 10
5112 9
5113 9
5114 9
5115 13
5116 9
5117 13
5118 6
5119 6
5120 8
5121 10
5122 11
5123 6
5124 6
5125 10
5126 13
5127 7
5128 7
5129 6
5130 6
5131 9
5132 10
5133 13
5134 8
5135 11
5136 6
5137 4
5138 7
5139 15
5140 6
5141 9
5142 6
5143 6
5144 12
5145 6
5146 12
5147 12
5148 14
5149 9
5150 10
5151 12
5152 10
5153 9
5154 8
5155 8
5156 11
5157 10
5158 12
5159 11
5160 10
5161 10
5162 6
5163 9
5164 7
5165 7
5166 7
5167 9
5168 10
5169 15
5170 13
5171 8
5172 9
5173 9
5174 7
5175 10
5176 11
5177 9
5178 9
5179 8
5180 9
5181 7
5182 6
5183 8
5184 9
5185 4
5186 5
5187 7
5188 7
5189 8
5190 8
5191 9
5192 7
5193 9
5194 8
5195 12
5196 10
5197 12
5198 11
5199 11
5200 5
5201 11
5202 5
5203 7
5204 6
5205 8
5206 4
5207 10
5208 5
5209 9
5210 9
5211 5
5212 10
5213 8
5214 5
5215 5
5216 5
5217 10
5218 8
5219 10
5220 13
5221 11
5222 12
5223 10
5224 11
5225 13
5226 13
5227 14
5228 12
5229 10
5230 12
5231 12
5232 12
5233 11
5234 9
5235 13
5236 16
5237 14
5238 4
5239 4
5240 10
5241 5
5242 12
5243 13
5244 4
5245 4
5246 10
5247 13
5248 12
5249 4
5250 4
5251 4
5252 6
5253 4
5254 5
5255 6
5256 5
5257 5
5258 10
5259 5
5260 6
5261 5
5262 9
5263 7
5264 5
5265 2
5266 6
5267 8
5268 11
5269 6
5270 12
5271 7
5272 11
5273 9
5274 6
5275 6
5276 9
5277 9
5278 10
5279 12
5280 12
5281 7
5282 7
5283 9
5284 15
5285 9
5286 12
5287 6
5288 7
5289 11
5290 8
5291 9
5292 11
5293 8
5294 11
5295 15
5296 8
5297 11
5298 9
5299 9
5300 10
5301 6
5302 8
5303 7
5304 8
5305 7
5306 5
5307 7
5308 6
5309 7
5310 9
5311 16
5312 9
5313 10
5314 11
5315 7
5316 5
5317 10
5318 7
5319 11
5320 9
5321 8
5322 7
5323 5
5324 9
5325 12
5326 8
5327 8
5328 7
5329 6
5330 10
5331 8
5332 10
5333 9
5334 7
5335 8
5336 10
5337 4
5338 9
5339 9
5340 9
5341 6
5342 9
5343 8
5344 6
5345 9
5346 12
5347 7
5348 14
5349 10
5350 10
5351 7
5352 7
5353 7
5354 8
5355 9
5356 11
5357 11
5358 14
5359 10
5360 9
5361 14
5362 4
5363 9
5364 11
5365 6
5366 10
5367 8
5368 10
5369 10
5370 10
5371 6
5372 9
5373 10
5374 9
5375 11
5376 9
5377 10
5378 10
5379 10
5380 10
5381 9
5382 12
5383 9
5384 12
5385 11
5386 9
5387 9
5388 9
5389 10
5390 9
5391 7
5392 12
5393 10
5394 7
5395 14
5396 13
5397 3
5398 9
5399 12
5400 10
5401 8
5402 11
5403 8
5404 11
5405 10
5406 5
5407 7
5408 7
5409 7
5410 7
5411 10
5412 7
5413 8
5414 7
5415 7
5416 7
5417 8
5418 7
5419 7
5420 9
5421 7
5422 8
5423 8
5424 10
5425 8
5426 6
5427 10
5428 8
5429 6
5430 9
5431 8
5432 12
5433 11
5434 8
5435 7
5436 10
5437 10
5438 9
5439 9
5440 13
5441 11
5442 9
5443 19
5444 7
5445 9
5446 10
5447 8
5448 7
5449 5
5450 12
5451 12
5452 7
5453 7
5454 10
5455 11
5456 11
5457 8
5458 7
5459 15
5460 7
5461 10
5462 16
5463 10
5464 12
5465 8
5466 5
5467 13
5468 8
5469 10
5470 7
5471 7
5472 8
5473 11
5474 9
5475 9
5476 12
5477 9
5478 15
5479 10
5480 15
5481 12
5482 10
5483 10
5484 10
5485 10
5486 10
5487 10
5488 8
5489 12
5490 11
5491 11
5492 10
5493 12
5494 10
5495 10
5496 9
5497 9
5498 9
5499 8
5500 11
5501 8
5502 8
5503 11
5504 8
5505 8
5506 10
5507 10
5508 5
5509 9
5510 8
5511 12
5512 8
5513 8
5514 8
5515 8
5516 5
5517 7
5518 8
5519 10
5520 8
5521 10
5522 12
5523 16
5524 13
5525 11
5526 10
5527 12
5528 14
5529 12
5530 11
5531 18
5532 13
5533 14
5534 16
5535 17
5536 18
5537 15
5538 20
5539 11
5540 12
5541 13
5542 10
5543 15
5544 13
5545 14
5546 15
5547 10
5548 8
5549 15
5550 13
5551 13
5552 15
5553 5
5554 6
5555 11
5556 9
5557 11
5558 10
5559 9
5560 11
5561 10
5562 8
5563 6
5564 8
5565 9
5566 7
5567 7
5568 7
5569 10
5570 11
5571 11
5572 14
5573 11
5574 12
5575 11
5576 11
5577 14
5578 17
5579 13
5580 11
5581 7
5582 6
5583 8
5584 12
5585 8
5586 15
5587 5
5588 5
5589 12
5590 14
5591 9
5592 5
5593 9
5594 9
5595 5
5596 9
5597 5
5598 5
5599 11
5600 9
5601 9
5602 11
5603 9
5604 7
5605 13
5606 8
5607 10
5608 8
5609 5
5610 4
5611 6
5612 3
5613 8
5614 10
5615 8
5616 10
5617 7
5618 7
5619 8
5620 6
5621 8
5622 10
5623 6
5624 9
5625 10
5626 5
5627 8
5628 9
5629 9
5630 8
5631 5
5632 10
5633 6
5634 9
5635 10
5636 11
5637 10
5638 12
5639 9
5640 7
5641 8
5642 7
5643 8
5644 7
5645 11
5646 9
5647 9
5648 9
5649 10
5650 8
5651 11
5652 13
5653 11
5654 8
5655 9
5656 10
5657 8
5658 8
5659 13
5660 6
5661 6
5662 8
5663 9
5664 6
5665 6
5666 6
5667 8
5668 11
5669 8
5670 14
5671 9
5672 8
5673 7
5674 10
5675 11
5676 10
5677 8
5678 7
5679 9
5680 11
5681 10
5682 12
5683 9
5684 9
5685 11
5686 8
5687 13
5688 9
5689 11
5690 9
5691 10
5692 10
5693 11
5694 8
5695 7
5696 8
5697 8
5698 9
5699 8
5700 7
5701 8
5702 8
5703 10
5704 12
5705 8
5706 9
5707 12
5708 9
5709 10
5710 7
5711 9
5712 13
5713 11
5714 13
5715 9
5716 11
5717 11
5718 10
5719 11
5720 11
5721 10
5722 10
5723 11
5724 10
5725 10
5726 11
5727 10
5728 12
5729 8
5730 10
5731 13
5732 12
5733 11
5734 6
5735 15
5736 11
5737 10
5738 10
5739 5
5740 7
5741 8
5742 11
5743 8
5744 8
5745 12
5746 7
5747 7
5748 7
5749 8
5750 9
5751 10
5752 7
5753 10
5754 8
5755 7
5756 7
5757 11
5758 9
5759 11
5760 7
5761 8
5762 8
5763 8
5764 5
5765 9
5766 5
5767 7
5768 7
5769 7
5770 7
5771 9
5772 12
5773 12
5774 8
5775 8
5776 10
5777 15
5778 11
5779 8
5780 8
5781 7
5782 5
5783 10
5784 11
5785 10
5786 8
5787 13
5788 10
5789 10
5790 11
5791 9
5792 12
5793 12
5794 14
5795 11
5796 14
5797 13
5798 9
5799 9
5800 9
5801 10
5802 11
5803 13
5804 8
5805 8
5806 12
5807 9
5808 11
5809 10
5810 10
5811 8
5812 8
5813 8
5814 7
5815 10
5816 8
5817 8
5818 10
5819 9
5820 10
5821 12
5822 12
5823 8
5824 12
5825 13
5826 9
5827 10
5828 11
5829 10
5830 13
5831 8
5832 8
5833 10
5834 11
5835 8
5836 10
5837 10
5838 9
5839 14
5840 13
5841 8
5842 12
5843 11
5844 10
5845 10
5846 10
5847 11
5848 12
5849 12
5850 10
5851 14
5852 14
5853 10
5854 15
5855 14
5856 13
5857 14
5858 10
5859 11
5860 11
5861 15
5862 12
5863 12
5864 14
5865 11
5866 9
5867 11
5868 9
5869 11
5870 11
5871 12
5872 15
5873 17
5874 8
5875 8
5876 15
5877 14
5878 13
5879 8
5880 9
5881 9
5882 12
5883 12
5884 13
5885 14
5886 15
5887 11
5888 13
5889 13
5890 5
5891 9
5892 14
5893 7
5894 11
5895 9
5896 8
5897 14
5898 9
5899 11
5900 8
5901 8
5902 12
5903 10
5904 7
5905 12
5906 11
5907 11
5908 9
5909 10
5910 13
5911 12
5912 10
5913 12
5914 10
5915 12
5916 12
5917 10
5918 11
5919 11
5920 8
5921 13
5922 10
5923 12
5924 13
5925 13
5926 13
5927 8
5928 9
5929 8
5930 6
5931 12
5932 9
5933 7
5934 9
5935 9
5936 6
5937 8
5938 6
5939 8
5940 8
5941 8
5942 9
5943 11
5944 7
5945 7
5946 7
5947 11
5948 9
5949 13
5950 8
5951 10
5952 9
5953 5
5954 13
5955 10
5956 12
5957 10
5958 9
5959 10
5960 9
5961 10
5962 11
5963 10
5964 11
5965 10
5966 12
5967 13
5968 15
5969 11
5970 12
5971 12
5972 11
5973 13
5974 10
5975 14
5976 13
5977 11
5978 12
5979 9
5980 13
5981 10
5982 12
5983 15
5984 15
5985 13
5986 12
5987 13
5988 11
5989 11
5990 15
5991 8
5992 9
5993 13
5994 12
5995 11
5996 9
5997 7
5998 11
5999 7
6000 5
6001 7
6002 7
6003 9
6004 13
6005 9
6006 10
6007 12
6008 12
6009 9
6010 9
6011 10
6012 11
6013 14
6014 11
6015 9
6016 12
6017 13
6018 12
6019 11
6020 11
6021 9
6022 12
6023 10
6024 14
6025 10
6026 9
6027 11
6028 12
6029 13
6030 12
6031 10
6032 12
6033 12
6034 8
6035 11
6036 7
6037 13
6038 15
6039 8
6040 15
6041 7
6042 7
6043 5
6044 12
6045 7
6046 9
6047 9
6048 9
6049 12
6050 10
6051 9
6052 12
6053 7
6054 11
6055 11
6056 10
6057 9
6058 10
6059 11
6060 13
6061 15
6062 11
6063 11
6064 13
6065 9
6066 10
6067 12
6068 10
6069 10
6070 11
6071 14
6072 13
6073 8
6074 13
6075 13
6076 13
6077 12
6078 9
6079 8
6080 10
6081 13
6082 8
6083 12
6084 9
6085 6
6086 10
6087 3
6088 5
6089 7
6090 7
6091 8
6092 11
6093 9
6094 9
6095 12
6096 12
6097 7
6098 10
6099 10
6100 7
6101 8
6102 5
6103 12
6104 7
6105 10
6106 10
6107 10
6108 10
6109 13
6110 16
6111 10
6112 14
6113 12
6114 14
6115 13
6116 10
6117 12
6118 12
6119 14
6120 11
6121 10
6122 14
6123 8
6124 12
6125 11
6126 12
6127 14
6128 11
6129 12
6130 9
6131 12
6132 14
6133 11
6134 11
6135 8
6136 9
6137 13
6138 8
6139 15
6140 13
6141 10
6142 17
6143 14
6144 11
6145 10
6146 12
6147 7
6148 7
6149 8
6150 8
6151 13
6152 9
6153 9
6154 13
6155 14
6156 11
6157 9
6158 10
6159 8
6160 8
6161 9
6162 9
6163 10
6164 11
6165 9
6166 16
6167 8
6168 8
6169 7
6170 8
6171 7
6172 12
6173 6
6174 8
6175 8
6176 8
6177 9
6178 12
6179 9
6180 8
6181 7
6182 13
6183 10
6184 7
6185 6
6186 7
6187 8
6188 16
6189 9
6190 10
6191 8
6192 7
6193 4
6194 4
6195 3
6196 7
6197 7
6198 17
6199 11
6200 7
6201 13
6202 11
6203 7
6204 9
6205 8
6206 9
6207 12
6208 16
6209 10
6210 9
6211 11
6212 8
6213 8
6214 8
6215 11
6216 12
6217 10
6218 6
6219 7
6220 11
6221 14
6222 9
6223 8
6224 8
6225 8
6226 8
6227 12
6228 12
6229 8
6230 12
6231 12
6232 13
6233 8
6234 11
6235 8
6236 10
6237 9
6238 5
6239 7
6240 5
6241 7
6242 7
6243 4
6244 4
6245 8
6246 8
6247 6
6248 4
6249 6
6250 9
6251 7
6252 8
6253 7
6254 7
6255 12
6256 10
6257 8
6258 4
6259 6
6260 8
6261 7
6262 6
6263 9
6264 9
6265 9
6266 4
6267 8
6268 8
6269 12
6270 12
6271 12
6272 12
6273 5
6274 8
6275 4
6276 4
6277 12
6278 6
6279 10
6280 7
6281 6
6282 8
6283 14
6284 12
6285 6
6286 12
6287 10
6288 12
6289 15
6290 5
6291 5
6292 3
6293 5
6294 12
6295 11
6296 11
6297 13
6298 8
6299 8
6300 12
6301 11
6302 13
6303 12
6304 12
6305 14
6306 16
6307 11
6308 8
6309 12
6310 14
6311 11
6312 14
6313 13
6314 17
6315 14
6316 11
6317 11
6318 3
6319 5
6320 9
6321 9
6322 7
6323 6
6324 5
6325 9
6326 4
6327 2
6328 6
6329 9
6330 9
6331 9
6332 7
6333 6
6334 12
6335 10
6336 11
6337 12
6338 9
6339 12
6340 9
6341 6
6342 6
6343 8
6344 10
6345 7
6346 9
6347 5
6348 7
6349 7
6350 7
6351 10
6352 8
6353 6
6354 5
6355 13
6356 6
6357 8
6358 8
6359 6
6360 13
6361 9
6362 11
6363 9
6364 10
6365 9
6366 13
6367 11
6368 13
6369 11
6370 12
6371 11
6372 11
6373 13
6374 10
6375 10
6376 11
6377 15
6378 13
6379 7
6380 10
6381 12
6382 9
6383 18
6384 16
6385 7
6386 10
6387 10
6388 7
6389 12
6390 12
6391 9
6392 9
6393 12
6394 12
6395 10
6396 12
6397 12
6398 9
6399 12
6400 7
6401 9
6402 9
6403 9
6404 9
6405 13
6406 4
6407 10
6408 16
6409 8
6410 8
6411 6
6412 7
6413 10
6414 6
6415 9
6416 7
6417 10
6418 10
6419 8
6420 10
6421 9
6422 9
6423 9
6424 8
6425 8
6426 7
6427 8
6428 9
6429 10
6430 8
6431 12
6432 9
6433 6
6434 7
6435 7
6436 6
6437 7
6438 7
6439 6
6440 8
6441 8
6442 8
6443 6
6444 5
6445 8
6446 12
6447 13
6448 8
6449 7
6450 10
6451 9
6452 11
6453 8
6454 9
6455 9
6456 10
6457 7
6458 6
6459 9
6460 10
6461 8
6462 6
6463 8
6464 8
6465 5
6466 7
6467 8
6468 10
6469 7
6470 6
6471 7
6472 6
6473 7
6474 7
6475 10
6476 6
6477 5
6478 5
6479 8
6480 7
6481 10
6482 3
6483 3
6484 8
6485 8
6486 7
6487 3
6488 6
6489 7
6490 5
6491 5
6492 5
6493 1
6494 5
6495 9
6496 6
6497 5
6498 12
6499 5
6500 6
6501 10
6502 10
6503 8
6504 8
6505 7
6506 11
6507 9
6508 10
6509 8
6510 7
6511 8
6512 6
6513 8
6514 6
6515 6
6516 5
6517 8
6518 7
6519 8
6520 8
6521 8
6522 5
6523 8
6524 7
6525 4
6526 9
6527 6
6528 7
6529 6
6530 5
6531 5
6532 5
6533 8
6534 5
6535 7
6536 7
6537 7
6538 6
6539 6
6540 9
6541 11
6542 10
6543 12
6544 9
6545 10
6546 9
6547 10
6548 6
6549 7
6550 7
6551 8
6552 8
6553 3
6554 8
6555 7
6556 6
6557 10
6558 8
6559 10
6560 11
6561 7
6562 7
6563 9
6564 9
6565 13
6566 9
6567 8
6568 9
6569 9
6570 13
6571 8
6572 9
6573 5
6574 11
6575 9
6576 10
6577 7
6578 12
6579 6
6580 9
6581 7
6582 9
6583 6
6584 9
6585 9
6586 13
6587 13
6588 8
6589 7
6590 11
6591 14
6592 13
6593 10
6594 7
6595 14
6596 9
6597 12
6598 8
6599 15
6600 11
6601 8
6602 14
6603 9
6604 18
6605 9
6606 9
6607 15
6608 10
6609 16
6610 14
6611 12
6612 10
6613 14
6614 13
6615 7
6616 8
6617 9
6618 12
6619 6
6620 6
6621 8
6622 13
6623 12
6624 9
6625 7
6626 12
6627 11
6628 10
6629 8
6630 10
6631 6
6632 9
6633 9
6634 11
6635 8
6636 8
6637 14
6638 9
6639 11
6640 9
6641 11
6642 9
6643 11
6644 13
6645 14
6646 11
6647 13
6648 8
6649 9
6650 6
6651 9
6652 10
6653 9
6654 12
6655 12
6656 11
6657 10
6658 11
6659 14
6660 11
6661 14
6662 11
6663 12
6664 10
6665 9
6666 11
6667 6
6668 15
6669 9
6670 19
6671 11
6672 11
6673 6
6674 6
6675 9
6676 14
6677 17
6678 11
6679 13
6680 10
6681 9
6682 11
6683 6
6684 9
6685 10
6686 14
6687 16
6688 10
6689 6
6690 12
6691 6
6692 9
6693 7
6694 15
6695 13
6696 8
6697 13
6698 8
6699 11
6700 14
6701 10
6702 10
6703 12
6704 10
6705 8
6706 6
6707 10
6708 10
6709 11
6710 13
6711 8
6712 11
6713 15
6714 9
6715 10
6716 12
6717 14
6718 11
6719 9
6720 6
6721 9
6722 7
6723 8
6724 7
6725 8
6726 8
6727 6
6728 12
6729 9
6730 8
6731 8
6732 7
6733 13
6734 7
6735 7
6736 5
6737 10
6738 5
6739 6
6740 6
6741 12
6742 6
6743 5
6744 9
6745 8
6746 8
6747 8
6748 5
6749 8
6750 6
6751 10
6752 10
6753 10
6754 8
6755 11
6756 9
6757 8
6758 13
6759 8
6760 12
6761 14
6762 11
6763 9
6764 8
6765 8
6766 11
6767 11
6768 12
6769 9
6770 14
6771 12
6772 11
6773 13
6774 12
6775 11
6776 13
6777 11
6778 8
6779 9
6780 8
6781 10
6782 12
6783 8
6784 6
6785 9
6786 8
6787 14
6788 16
6789 8
6790 10
6791 12
6792 10
6793 4
6794 9
6795 8
6796 6
6797 4
6798 9
6799 14
6800 7
6801 10
6802 7
6803 8
6804 7
6805 9
6806 9
6807 8
6808 8
6809 11
6810 8
6811 6
6812 6
6813 8
6814 7
6815 5
6816 10
6817 9
6818 10
6819 7
6820 7
6821 7
6822 10
6823 12
6824 10
6825 16
6826 11
6827 8
6828 13
6829 9
6830 9
6831 8
6832 7
6833 10
6834 10
6835 7
6836 10
6837 6
6838 10
6839 8
6840 10
6841 5
6842 13
6843 13
6844 10
6845 7
6846 7
6847 7
6848 8
6849 4
6850 9
6851 7
6852 7
6853 8
6854 7
6855 10
6856 6
6857 5
6858 9
6859 6
6860 8
6861 10
6862 8
6863 9
6864 11
6865 12
6866 11
6867 9
6868 9
6869 11
6870 14
6871 13
6872 10
6873 10
6874 14
6875 10
6876 12
6877 10
6878 16
6879 10
6880 10
6881 11
6882 13
6883 9
6884 12
6885 5
6886 7
6887 9
6888 7
6889 11
6890 5
6891 7
6892 11
6893 9
6894 7
6895 7
6896 3
6897 6
6898 8
6899 7
6900 7
6901 12
6902 6
6903 7
6904 13
6905 9
6906 3
6907 9
6908 5
6909 8
6910 5
6911 3
6912 10
6913 9
6914 10
6915 13
6916 7
6917 8
6918 10
6919 7
6920 13
6921 8
6922 8
6923 6
6924 11
6925 4
6926 7
6927 6
6928 7
6929 8
6930 6
6931 8
6932 7
6933 6
6934 6
6935 11
6936 5
6937 5
6938 7
6939 6
6940 3
6941 3
6942 6
6943 7
6944 16
6945 8
6946 4
6947 8
6948 8
6949 8
6950 4
6951 3
6952 5
6953 6
6954 3
6955 6
6956 5
6957 3
6958 5
6959 1
6960 7
6961 5
6962 3
6963 1
6964 7
6965 10
6966 4
6967 6
6968 8
6969 6
6970 13
6971 4
6972 9
6973 7
6974 9
6975 7
6976 6
6977 8
6978 8
6979 4
6980 9
6981 5
6982 9
6983 7
6984 5
6985 7
6986 8
6987 13
6988 4
6989 9
6990 8
6991 7
6992 6
6993 8
6994 4
6995 14
6996 9
6997 9
6998 9
6999 9
7000 7
7001 12
7002 7
7003 4
7004 11
7005 9
7006 9
7007 11
7008 9
7009 7
7010 9
7011 12
7012 8
7013 6
7014 9
7015 4
7016 10
7017 14
7018 13
7019 11
7020 12
7021 5
7022 10
7023 8
7024 9
7025 9
7026 8
7027 19
7028 12
7029 16
7030 17
7031 12
7032 12
7033 12
7034 12
7035 10
7036 6
7037 13
7038 10
7039 10
7040 9
7041 7
7042 8
7043 6
7044 4
7045 11
7046 4
7047 6
7048 4
7049 6
7050 8
7051 4
7052 10
7053 11
7054 15
7055 8
7056 9
7057 9
7058 9
7059 9
7060 11
7061 11
7062 8
7063 12
7064 9
7065 12
7066 12
7067 14
7068 10
7069 9
7070 16
7071 13
7072 17
7073 12
7074 8
7075 11
7076 12
7077 9
7078 14
7079 14
7080 10
7081 16
7082 13
7083 14
7084 13
7085 10
7086 12
7087 12
7088 10
7089 10
7090 14
7091 12
7092 12
7093 11
7094 8
7095 9
7096 13
7097 11
7098 7
7099 10
7100 6
7101 12
7102 11
7103 8
7104 9
7105 11
7106 11
7107 6
7108 8
7109 8
7110 8
7111 10
7112 12
7113 10
7114 9
7115 10
7116 9
7117 11
7118 8
7119 9
7120 10
7121 9
7122 8
7123 8
7124 9
7125 10
7126 8
7127 9
7128 16
7129 12
7130 14
7131 12
7132 17
7133 13
7134 7
7135 11
7136 12
7137 12
7138 13
7139 10
7140 8
7141 13
7142 7
7143 11
7144 8
7145 11
7146 9
7147 10
7148 11
7149 7
7150 7
7151 13
7152 13
7153 9
7154 8
7155 8
7156 10
7157 8
7158 17
7159 14
7160 14
7161 11
7162 9
7163 12
7164 8
7165 12
7166 13
7167 13
7168 8
7169 6
7170 13
7171 10
7172 10
7173 8
7174 11
7175 7
7176 12
7177 13
7178 10
7179 6
7180 12
7181 11
7182 11
7183 6
7184 10
7185 13
7186 10
7187 10
7188 10
7189 8
7190 9
7191 11
7192 14
7193 11
7194 6
7195 12
7196 10
7197 12
7198 13
7199 14
7200 12
7201 11
7202 14
7203 9
7204 16
7205 10
7206 10
7207 9
7208 13
7209 9
7210 11
7211 13
7212 9
7213 8
7214 6
7215 6
7216 7
7217 10
7218 7
7219 11
7220 11
7221 8
7222 14
7223 10
7224 9
7225 9
7226 10
7227 12
7228 16
7229 11
7230 9
7231 9
7232 12
7233 9
7234 10
7235 12
7236 10
7237 11
7238 9
7239 13
7240 14
7241 9
7242 10
7243 11
7244 10
7245 11
7246 16
7247 17
7248 13
7249 13
7250 15
7251 10
7252 14
7253 13
7254 16
7255 8
7256 8
7257 13
7258 10
7259 13
7260 13
7261 12
7262 13
7263 16
7264 14
7265 13
7266 13
7267 10
7268 7
7269 11
7270 11
7271 11
7272 9
7273 7
7274 13
7275 15
7276 10
7277 8
7278 11
7279 10
7280 8
7281 11
7282 15
7283 11
7284 16
7285 5
7286 7
7287 8
7288 13
7289 6
7290 9
7291 11
7292 8
7293 10
7294 11
7295 9
7296 9
7297 14
7298 12
7299 13
7300 13
7301 9
7302 9
7303 9
7304 10
7305 12
7306 8
7307 13
7308 11
7309 15
7310 14
7311 11
7312 11
7313 10
7314 11
7315 8
7316 13
7317 8
7318 10
7319 10
7320 9
7321 7
7322 13
7323 12
7324 11
7325 8
7326 14
7327 11
7328 9
7329 12
7330 10
7331 10
7332 9
7333 10
7334 9
7335 8
7336 6
7337 8
7338 10
7339 11
7340 11
7341 9
7342 12
7343 13
7344 10
7345 8
7346 13
7347 12
7348 9
7349 9
7350 16
7351 11
7352 9
7353 12
7354 10
7355 12
7356 12
7357 13
7358 10
7359 5
7360 7
7361 3
7362 5
7363 6
7364 6
7365 4
7366 10
7367 10
7368 7
7369 8
7370 10
7371 7
7372 9
7373 7
7374 7
7375 6
7376 8
7377 6
7378 7
7379 9
7380 7
7381 8
7382 7
7383 6
7384 7
7385 9
7386 8
7387 10
7388 7
7389 7
7390 8
7391 5
7392 7
7393 6
7394 9
7395 11
7396 10
7397 7
7398 6
7399 8
7400 6
7401 6
7402 10
7403 6
7404 8
7405 7
7406 7
7407 7
7408 9
7409 8
7410 13
7411 7
7412 13
7413 4
7414 7
7415 8
7416 10
7417 8
7418 7
7419 11
7420 7
7421 9
7422 6
7423 8
7424 9
7425 7
7426 10
7427 11
7428 4
7429 7
7430 9
7431 6
7432 7
7433 10
7434 6
7435 6
7436 9
7437 11
7438 8
7439 11
7440 4
7441 6
7442 8
7443 10
7444 7
7445 4
7446 6
7447 9
7448 11
7449 6
7450 7
7451 9
7452 9
7453 11
7454 13
7455 11
7456 13
7457 16
7458 11
7459 11
7460 10
7461 12
7462 14
7463 10
7464 10
7465 10
7466 13
7467 9
7468 9
7469 10
7470 7
7471 7
7472 7
7473 7
7474 7
7475 7
7476 12
7477 13
7478 9
7479 9
7480 11
7481 5
7482 9
7483 9
7484 7
7485 10
7486 8
7487 8
7488 9
7489 7
7490 7
7491 10
7492 6
7493 9
7494 6
7495 10
7496 7
7497 9
7498 11
7499 9
7500 16
7501 8
7502 9
7503 10
7504 10
7505 9
7506 9
7507 9
7508 11
7509 7
7510 7
7511 11
7512 7
7513 12
7514 9
7515 4
7516 8
7517 5
7518 8
7519 7
7520 10
7521 8
7522 8
7523 6
7524 4
7525 13
7526 11
7527 15
7528 19
7529 12
7530 10
7531 10
7532 12
7533 9
7534 11
7535 10
7536 10
7537 13
7538 13
7539 4
7540 6
7541 8
7542 10
7543 12
7544 9
7545 11
7546 10
7547 8
7548 6
7549 8
7550 8
7551 10
7552 13
7553 9
7554 9
7555 11
7556 8
7557 9
7558 13
7559 4
7560 7
7561 4
7562 4
7563 11
7564 10
7565 9
7566 4
7567 11
7568 8
7569 12
7570 13
7571 11
7572 12
7573 15
7574 6
7575 9
7576 12
7577 12
7578 5
7579 5
7580 8
7581 6
7582 5
7583 6
7584 7
7585 7
7586 6
7587 7
7588 9
7589 9
7590 11
7591 11
7592 14
7593 10
7594 10
7595 14
7596 11
7597 11
7598 8
7599 8
7600 9
7601 7
7602 4
7603 7
7604 5
7605 11
7606 8
7607 4
7608 5
7609 6
7610 8
7611 4
7612 3
7613 6
7614 4
7615 11
7616 3
7617 5
7618 10
7619 3
7620 5
7621 6
7622 6
7623 6
7624 6
7625 6
7626 6
7627 3
7628 6
7629 1
7630 3
7631 5
7632 7
7633 15
7634 7
7635 8
7636 7
7637 5
7638 7
7639 7
7640 8
7641 11
7642 3
7643 11
7644 9
7645 8
7646 7
7647 11
7648 7
7649 11
7650 8
7651 6
7652 9
7653 8
7654 14
7655 10
7656 13
7657 14
7658 10
7659 8
7660 11
7661 8
7662 9
7663 6
7664 6
7665 10
7666 13
7667 13
7668 6
7669 6
7670 7
7671 10
7672 6
7673 6
7674 8
7675 8
7676 10
7677 12
7678 7
7679 10
7680 5
7681 10
7682 5
7683 6
7684 5
7685 7
7686 5
7687 7
7688 6
7689 8
7690 7
7691 8
7692 10
7693 8
7694 6
7695 9
7696 8
7697 7
7698 7
7699 7
7700 14
7701 9
7702 13
7703 9
7704 11
7705 8
7706 6
7707 8
7708 13
7709 6
7710 9
7711 12
7712 13
7713 5
7714 7
7715 6
7716 15
7717 6
7718 11
7719 9
7720 12
7721 11
7722 5
7723 8
7724 5
7725 14
7726 8
7727 5
7728 5
7729 6
7730 10
7731 6
7732 7
7733 10
7734 6
7735 5
7736 6
7737 10
7738 5
7739 9
7740 5
7741 7
7742 6
7743 7
7744 8
7745 7
7746 3
7747 5
7748 5
7749 8
7750 6
7751 4
7752 6
7753 6
7754 8
7755 6
7756 4
7757 6
7758 6
7759 9
7760 6
7761 5
7762 7
7763 9
7764 3
7765 5
7766 5
7767 7
7768 7
7769 5
7770 5
7771 7
7772 5
7773 5
7774 7
7775 5
7776 7
7777 6
7778 6
7779 8
7780 5
7781 8
7782 11
7783 6
7784 9
7785 8
7786 9
7787 9
7788 7
7789 5
7790 5
7791 6
7792 7
7793 7
7794 7
7795 7
7796 6
7797 6
7798 6
7799 6
7800 6
7801 6
7802 6
7803 13
7804 6
7805 11
7806 9
7807 6
7808 6
7809 8
7810 9
7811 7
7812 7
7813 9
7814 8
7815 5
7816 8
7817 6
7818 9
7819 7
7820 7
7821 6
7822 13
7823 7
7824 7
7825 7
7826 7
7827 7
7828 10
7829 3
7830 14
7831 6
7832 6
7833 7
7834 10
7835 9
7836 7
7837 9
7838 8
7839 7
7840 11
7841 7
7842 6
7843 9
7844 8
7845 10
7846 8
7847 11
7848 8
7849 9
7850 9
7851 6
7852 6
7853 8
7854 8
7855 5
7856 10
7857 11
7858 5
7859 13
7860 12
7861 5
7862 14
7863 11
7864 8
7865 12
7866 5
7867 7
7868 11
7869 12
7870 9
7871 10
7872 9
7873 7
7874 9
7875 11
7876 8
7877 9
7878 10
7879 10
7880 7
7881 9
7882 7
7883 10
7884 7
7885 11
7886 10
7887 13
7888 7
7889 7
7890 8
7891 10
7892 9
7893 8
7894 9
7895 6
7896 8
7897 8
7898 8
7899 9
7900 9
7901 7
7902 5
7903 7
7904 12
7905 10
7906 10
7907 8
7908 10
7909 8
7910 9
7911 7
7912 12
7913 7
7914 8
7915 12
7916 8
7917 8
7918 13
7919 9
7920 11
7921 10
7922 8
7923 8
7924 9
7925 8
7926 10
7927 11
7928 11
7929 7
7930 10
7931 9
7932 12
7933 11
7934 11
7935 10
7936 9
7937 10
7938 11
7939 11
7940 10
7941 11
7942 12
7943 12
7944 11
7945 10
7946 9
7947 8
7948 10
7949 9
7950 11
7951 11
7952 9
7953 9
7954 11
7955 14
7956 8
7957 8
7958 10
7959 5
7960 9
7961 8
7962 8
7963 11
7964 8
7965 8
7966 10
7967 11
7968 8
7969 9
7970 8
7971 12
7972 10
7973 10
7974 8
7975 10
7976 8
7977 9
7978 8
7979 11
7980 10
7981 13
7982 12
7983 11
7984 12
7985 17
7986 14
7987 11
7988 10
7989 8
7990 10
7991 10
7992 11
7993 9
7994 14
7995 8
7996 10
7997 8
7998 11
7999 9
8000 6
8001 12
8002 16
8003 8
8004 10
8005 12
8006 9
8007 9
8008 8
8009 11
8010 8
8011 8
8012 10
8013 5
8014 10
8015 10
8016 12
8017 12
8018 8
8019 12
8020 8
8021 9
8022 12
8023 8
8024 6
8025 12
8026 13
8027 7
8028 7
8029 11
8030 7
8031 7
8032 9
8033 10
8034 9
8035 9
8036 6
8037 8
8038 9
8039 8
8040 12
8041 11
8042 13
8043 10
8044 9
8045 12
8046 11
8047 7
8048 9
8049 12
8050 13
8051 10
8052 13
8053 13
8054 14
8055 9
8056 8
8057 9
8058 9
8059 11
8060 5
8061 9
8062 11
8063 9
8064 10
8065 12
8066 13
8067 11
8068 10
8069 10
8070 14
8071 8
8072 10
8073 12
8074 10
8075 9
8076 5
8077 5
8078 8
8079 10
8080 9
8081 11
8082 10
8083 13
8084 11
8085 11
8086 11
8087 15
8088 11
8089 10
8090 10
8091 11
8092 9
8093 8
8094 7
8095 6
8096 8
8097 10
8098 7
8099 6
8100 7
8101 6
8102 11
8103 8
8104 7
8105 7
8106 9
8107 12
8108 8
8109 8
8110 12
8111 11
8112 5
8113 5
8114 7
8115 7
8116 8
8117 6
8118 8
8119 7
8120 10
8121 8
8122 10
8123 5
8124 8
8125 8
8126 8
8127 8
8128 7
8129 6
8130 6
8131 7
8132 8
8133 6
8134 7
8135 3
8136 8
8137 8
8138 8
8139 7
8140 5
8141 6
8142 9
8143 8
8144 9
8145 10
8146 8
8147 5
8148 10
8149 14
8150 6
8151 8
8152 16
8153 6
8154 9
8155 9
8156 15
8157 6
8158 10
8159 7
8160 7
8161 7
8162 11
8163 9
8164 11
8165 6
8166 6
8167 9
8168 11
8169 6
8170 6
8171 6
8172 9
8173 7
8174 6
8175 6
8176 6
8177 7
8178 7
8179 7
8180 6
8181 8
8182 7
8183 6
8184 10
8185 6
8186 10
8187 4
8188 10
8189 8
8190 8
8191 9
8192 7
8193 9
8194 8
8195 15
8196 6
8197 9
8198 9
8199 7
8200 7
8201 10
8202 7
8203 15
8204 10
8205 7
8206 10
8207 10
8208 7
8209 7
8210 8
8211 12
8212 13
8213 6
8214 7
8215 7
8216 6
8217 13
8218 7
8219 7
8220 5
8221 7
8222 8
8223 8
8224 7
8225 8
8226 10
8227 10
8228 7
8229 9
8230 9
8231 7
8232 6
8233 6
8234 7
8235 7
8236 6
8237 7
8238 9
8239 7
8240 6
8241 8
8242 9
8243 7
8244 12
8245 10
8246 16
8247 12
8248 8
8249 4
8250 9
8251 7
8252 8
8253 9
8254 5
8255 11
8256 10
8257 9
8258 7
8259 9
8260 7
8261 7
8262 7
8263 7
8264 6
8265 10
8266 7
8267 10
8268 8
8269 8
8270 8
8271 8
8272 8
8273 5
8274 6
8275 6
8276 6
8277 5
8278 6
8279 5
8280 6
8281 6
8282 7
8283 10
8284 7
8285 7
8286 8
8287 7
8288 5
8289 13
8290 8
8291 10
8292 12
8293 9
8294 8
8295 10
8296 7
8297 8
8298 9
8299 8
8300 11
8301 11
8302 7
8303 5
8304 6
8305 6
8306 9
8307 11
8308 11
8309 10
8310 8
8311 8
8312 9
8313 6
8314 11
8315 13
8316 9
8317 9
8318 10
8319 10
8320 8
8321 11
8322 10
8323 14
8324 13
8325 13
8326 14
8327 12
8328 10
8329 11
8330 9
8331 8
8332 9
8333 13
8334 10
8335 7
8336 11
8337 10
8338 11
8339 7
8340 9
8341 9
8342 12
8343 8
8344 8
8345 11
8346 12
8347 10
8348 6
8349 10
8350 12
8351 8
8352 9
8353 6
8354 10
8355 14
8356 14
8357 7
8358 7
8359 12
8360 6
8361 8
8362 7
8363 8
8364 8
8365 11
8366 10
8367 13
8368 11
8369 10
8370 10
8371 14
8372 13
8373 8
8374 10
8375 9
8376 10
8377 9
8378 13
8379 10
8380 10
8381 7
8382 9
8383 12
8384 8
8385 11
8386 12
8387 13
8388 9
8389 10
8390 13
8391 9
8392 12
8393 12
8394 11
8395 10
8396 8
8397 8
8398 12
8399 5
8400 4
8401 12
8402 13
8403 6
8404 6
8405 6
8406 6
8407 10
8408 10
8409 11
8410 10
8411 5
8412 8
8413 12
8414 7
8415 9
8416 10
8417 7
8418 10
8419 11
8420 6
8421 6
8422 7
8423 13
8424 11
8425 9
8426 7
8427 9
8428 11
8429 6
8430 10
8431 6
8432 9
8433 6
8434 7
8435 4
8436 10
8437 12
8438 10
8439 9
8440 13
8441 13
8442 8
8443 8
8444 9
8445 7
8446 8
8447 4
8448 10
8449 7
8450 9
8451 6
8452 6
8453 8
8454 6
8455 6
8456 5
8457 8
8458 7
8459 8
8460 11
8461 11
8462 7
8463 6
8464 8
8465 8
8466 7
8467 7
8468 7
8469 9
8470 5
8471 6
8472 6
8473 9
8474 6
8475 5
8476 10
8477 7
8478 9
8479 5
8480 9
8481 13
8482 5
8483 10
8484 8
8485 8
8486 16
8487 12
8488 8
8489 10
8490 6
8491 11
8492 8
8493 9
8494 10
8495 7
8496 12
8497 9
8498 10
8499 12
8500 13
8501 12
8502 5
8503 12
8504 8
8505 15
8506 8
8507 9
8508 7
8509 7
8510 7
8511 8
8512 9
8513 9
8514 10
8515 12
8516 11
8517 11
8518 10
8519 7
8520 14
8521 10
8522 9
8523 12
8524 9
8525 10
8526 6
8527 6
8528 16
8529 11
8530 10
8531 11
8532 11
8533 10
8534 13
8535 11
8536 15
8537 9
8538 8
8539 11
8540 12
8541 9
8542 13
8543 11
8544 9
8545 10
8546 9
8547 11
8548 9
8549 12
8550 10
8551 11
8552 9
8553 10
8554 9
8555 11
8556 13
8557 12
8558 7
8559 5
8560 11
8561 12
8562 9
8563 6
8564 8
8565 6
8566 7
8567 10
8568 7
8569 6
8570 6
8571 9
8572 6
8573 9
8574 8
8575 6
8576 9
8577 8
8578 15
8579 7
8580 10
8581 8
8582 9
8583 10
8584 6
8585 13
8586 8
8587 6
8588 11
8589 8
8590 10
8591 9
8592 5
8593 5
8594 5
8595 5
8596 11
8597 5
8598 5
8599 8
8600 11
8601 7
8602 8
8603 8
8604 15
8605 10
8606 5
8607 5
8608 8
8609 5
8610 10
8611 8
8612 5
8613 11
8614 10
8615 11
8616 11
8617 14
8618 10
8619 12
8620 6
8621 10
8622 11
8623 13
8624 13
8625 8
8626 8
8627 11
8628 6
8629 7
8630 9
8631 10
8632 8
8633 14
8634 9
8635 9
8636 5
8637 5
8638 7
8639 10
8640 5
8641 7
8642 11
8643 11
8644 7
8645 7
8646 7
8647 4
8648 7
8649 7
8650 10
8651 9
8652 6
8653 4
8654 8
8655 6
8656 7
8657 13
8658 10
8659 10
8660 6
8661 5
8662 6
8663 8
8664 9
8665 7
8666 4
8667 5
8668 7
8669 8
8670 13
8671 9
8672 5
8673 7
8674 5
8675 8
8676 8
8677 5
8678 9
8679 7
8680 5
8681 12
8682 12
8683 10
8684 8
8685 8
8686 7
8687 10
8688 7
8689 8
8690 11
8691 5
8692 6
8693 8
8694 11
8695 5
8696 5
8697 3
8698 9
8699 8
8700 8
8701 7
8702 11
8703 9
8704 9
8705 8
8706 8
8707 7
8708 8
8709 12
8710 12
8711 13
8712 8
8713 7
8714 8
8715 9
8716 8
8717 9
8718 10
8719 9
8720 8
8721 12
8722 13
8723 12
8724 8
8725 8
8726 7
8727 7
8728 10
8729 12
8730 10
8731 11
8732 9
8733 11
8734 10
8735 11
8736 10
8737 8
8738 8
8739 6
8740 9
8741 7
8742 7
8743 10
8744 12
8745 11
8746 9
8747 9
8748 7
8749 5
8750 10
8751 10
8752 11
8753 7
8754 5
8755 11
8756 9
8757 10
8758 13
8759 13
8760 13
8761 3
8762 5
8763 11
8764 6
8765 5
8766 5
8767 9
8768 5
8769 6
8770 7
8771 12
8772 8
8773 8
8774 6
8775 10
8776 11
8777 8
8778 8
8779 12
8780 6
8781 9
8782 10
8783 5
8784 8
8785 13
8786 10
8787 10
8788 15
8789 12
8790 9
8791 7
8792 11
8793 9
8794 7
8795 6
8796 9
8797 7
8798 7
8799 8
8800 9
8801 11
8802 8
8803 8
8804 8
8805 11
8806 8
8807 9
8808 14
8809 7
8810 7
8811 10
8812 12
8813 10
8814 8
8815 6
8816 10
8817 6
8818 8
8819 8
8820 14
8821 9
8822 10
8823 5
8824 3
8825 5
8826 12
8827 6
8828 5
8829 5
8830 7
8831 5
8832 3
8833 6
8834 6
8835 9
8836 6
8837 8
8838 9
8839 10
8840 8
8841 10
8842 9
8843 9
8844 7
8845 9
8846 10
8847 9
8848 8
8849 8
8850 9
8851 7
8852 9
8853 8
8854 13
8855 8
8856 7
8857 7
8858 8
8859 8
8860 8
8861 11
8862 7
8863 14
8864 10
8865 11
8866 10
8867 14
8868 12
8869 10
8870 10
8871 9
8872 9
8873 6
8874 13
8875 11
8876 14
8877 9
8878 11
8879 8
8880 8
8881 12
8882 10
8883 9
8884 7
8885 7
8886 11
8887 6
8888 7
8889 9
8890 9
8891 12
8892 10
8893 11
8894 10
8895 9
8896 9
8897 6
8898 6
8899 4
8900 8
8901 2
8902 4
8903 7
8904 4
8905 8
8906 11
8907 8
8908 9
8909 8
8910 9
8911 9
8912 10
8913 14
8914 10
8915 4
8916 6
8917 9
8918 7
8919 7
8920 6
8921 11
8922 6
8923 4
8924 6
8925 12
8926 7
8927 6
8928 8
8929 6
8930 6
8931 6
8932 9
8933 11
8934 6
8935 7
8936 7
8937 6
8938 13
8939 7
8940 11
8941 4
8942 5
8943 7
8944 14
8945 9
8946 7
8947 9
8948 8
8949 6
8950 6
8951 6
8952 9
8953 6
8954 10
8955 7
8956 7
8957 8
8958 12
8959 6
8960 10
8961 8
8962 12
8963 7
8964 9
8965 10
8966 7
8967 9
8968 10
8969 7
8970 10
8971 5
8972 10
8973 7
8974 10
8975 10
8976 7
8977 10
8978 4
8979 5
8980 10
8981 7
8982 14
8983 10
8984 5
8985 8
8986 5
8987 9
8988 7
8989 11
8990 9
8991 10
8992 7
8993 12
8994 8
8995 11
8996 6
8997 9
8998 11
8999 6
9000 10
9001 7
9002 7
9003 8
9004 12
9005 11
9006 12
9007 7
9008 11
9009 6
9010 8
9011 7
9012 10
9013 10
9014 8
9015 14
9016 9
9017 9
9018 9
9019 4
9020 7
9021 11
9022 12
9023 9
9024 8
9025 4
9026 11
9027 9
9028 7
9029 7
9030 9
9031 10
9032 9
9033 4
9034 11
9035 11
9036 7
9037 7
9038 9
9039 8
9040 5
9041 7
9042 7
9043 10
9044 7
9045 10
9046 14
9047 9
9048 9
9049 12
9050 9
9051 10
9052 12
9053 8
9054 11
9055 10
9056 11
9057 12
9058 8
9059 9
9060 8
9061 7
9062 10
9063 12
9064 14
9065 10
9066 11
9067 7
9068 9
9069 10
9070 5
9071 11
9072 8
9073 10
9074 11
9075 9
9076 7
9077 10
9078 8
9079 7
9080 6
9081 8
9082 8
9083 6
9084 9
9085 10
9086 7
9087 9
9088 8
9089 6
9090 8
9091 10
9092 6
9093 7
9094 8
9095 11
9096 11
9097 8
9098 6
9099 4
9100 12
9101 10
9102 10
9103 11
9104 13
9105 7
9106 9
9107 8
9108 8
9109 5
9110 7
9111 10
9112 8
9113 13
9114 8
9115 11
9116 9
9117 10
9118 12
9119 7
9120 8
9121 6
9122 9
9123 6
9124 8
9125 7
9126 10
9127 8
9128 10
9129 7
9130 10
9131 5
9132 7
9133 10
9134 7
9135 9
9136 11
9137 12
9138 12
9139 6
9140 6
9141 6
9142 6
9143 8
9144 6
9145 6
9146 7
9147 4
9148 8
9149 8
9150 12
9151 11
9152 10
9153 11
9154 9
9155 10
9156 13
9157 10
9158 10
9159 7
9160 4
9161 8
9162 8
9163 9
9164 10
9165 12
9166 10
9167 9
9168 12
9169 11
9170 11
9171 13
9172 10
9173 11
9174 15
9175 10
9176 9
9177 10
9178 10
9179 12
9180 11
9181 16
9182 13
9183 10
9184 7
9185 7
9186 9
9187 8
9188 8
9189 13
9190 13
9191 8
9192 7
9193 8
9194 4
9195 6
9196 4
9197 8
9198 8
9199 8
9200 9
9201 12
9202 10
9203 9
9204 9
9205 9
9206 12
9207 11
9208 6
9209 9
9210 13
9211 11
9212 10
9213 13
9214 13
9215 9
9216 9
9217 12
9218 9
9219 12
9220 9
9221 9
9222 14
9223 15
9224 13
9225 15
9226 11
9227 11
9228 13
9229 11
9230 12
9231 12
9232 17
9233 11
9234 15
9235 14
9236 19
9237 12
9238 12
9239 14
9240 16
9241 14
9242 18
9243 13
9244 19
9245 14
9246 10
9247 18
9248 13
9249 20
9250 12
9251 13
9252 9
9253 10
9254 16
9255 14
9256 8
9257 15
9258 11
9259 10
9260 10
9261 10
9262 12
9263 11
9264 13
9265 14
9266 17
9267 12
9268 15
9269 11
9270 15
9271 13
9272 12
9273 15
9274 14
9275 14
9276 9
9277 7
9278 10
9279 10
9280 10
9281 10
9282 12
9283 11
9284 10
9285 9
9286 11
9287 10
9288 13
9289 10
9290 10
9291 10
9292 7
9293 10
9294 10
9295 9
9296 7
9297 9
9298 13
9299 7
9300 10
9301 16
9302 10
9303 7
9304 10
9305 9
9306 4
9307 9
9308 10
9309 10
9310 9
9311 9
9312 8
9313 9
9314 11
9315 10
9316 9
9317 12
9318 6
9319 4
9320 4
9321 9
9322 12
9323 8
9324 8
9325 10
9326 8
9327 9
9328 8
9329 10
9330 8
9331 9
9332 9
9333 11
9334 9
9335 8
9336 10
9337 8
9338 7
9339 11
9340 9
9341 7
9342 9
9343 11
9344 10
9345 7
9346 8
9347 6
9348 7
9349 2
9350 7
9351 8
9352 11
9353 7
9354 5
9355 8
9356 5
9357 8
9358 8
9359 8
9360 8
9361 6
9362 4
9363 8
9364 11
9365 6
9366 4
9367 6
9368 6
9369 8
9370 7
9371 7
9372 8
9373 7
9374 5
9375 7
9376 7
9377 7
9378 7
9379 7
9380 10
9381 14
9382 8
9383 8
9384 7
9385 10
9386 7
9387 6
9388 8
9389 8
9390 10
9391 10
9392 7
9393 5
9394 7
9395 8
9396 4
9397 4
9398 10
9399 9
9400 9
9401 10
9402 12
9403 7
9404 5
9405 9
9406 2
9407 10
9408 5
9409 6
9410 7
9411 6
9412 9
9413 9
9414 9
9415 12
9416 7
9417 12
9418 15
9419 8
9420 7
9421 4
9422 10
9423 7
9424 11
9425 8
9426 8
9427 7
9428 7
9429 4
9430 5
9431 5
9432 6
9433 8
9434 5
9435 9
9436 13
9437 8
9438 7
9439 8
9440 7
9441 1
9442 11
9443 5
9444 5
9445 4
9446 4
9447 4
9448 11
9449 9
9450 8
9451 8
9452 16
9453 9
9454 8
9455 8
9456 7
9457 16
9458 4
9459 4
9460 6
9461 10
9462 13
9463 8
9464 12
9465 7
9466 7
9467 6
9468 7
9469 8
9470 7
9471 7
9472 8
9473 5
9474 5
9475 12
9476 7
9477 7
9478 7
9479 11
9480 10
9481 7
9482 8
9483 6
9484 6
9485 7
9486 7
9487 4
9488 11
9489 6
9490 11
9491 9
9492 8
9493 7
9494 4
9495 7
9496 13
9497 10
9498 9
9499 12
9500 7
9501 10
9502 8
9503 8
9504 8
9505 12
9506 7
9507 4
9508 9
9509 10
9510 7
9511 10
9512 9
9513 6
9514 8
9515 9
9516 8
9517 7
9518 8
9519 14
9520 9
9521 14
9522 8
9523 10
9524 7
9525 7
9526 8
9527 7
9528 7
9529 7
9530 9
9531 9
9532 7
9533 9
9534 4
9535 11
9536 9
9537 13
9538 11
9539 10
9540 11
9541 12
9542 10
9543 10
9544 4
9545 5
9546 7
9547 6
9548 6
9549 11
9550 10
9551 6
9552 4
9553 10
9554 4
9555 7
9556 8
9557 13
9558 10
9559 11
9560 8
9561 12
9562 9
9563 9
9564 9
9565 8
9566 9
9567 10
9568 9
9569 11
9570 15
9571 10
9572 9
9573 11
9574 10
9575 11
9576 10
9577 7
9578 10
9579 15
9580 4
9581 10
9582 11
9583 13
9584 4
9585 6
9586 4
9587 9
9588 8
9589 4
9590 7
9591 9
9592 5
9593 8
9594 7
9595 7
9596 8
9597 4
9598 7
9599 7
9600 4
9601 5
9602 7
9603 11
9604 4
9605 7
9606 8
9607 12
9608 7
9609 5
9610 7
9611 7
9612 9
9613 7
9614 10
9615 8
9616 7
9617 8
9618 8
9619 5
9620 6
9621 7
9622 7
9623 10
9624 8
9625 12
9626 10
9627 13
9628 8
9629 10
9630 7
9631 12
9632 9
9633 7
9634 4
9635 16
9636 12
9637 6
9638 7
9639 6
9640 7
9641 8
9642 8
9643 5
9644 7
9645 13
9646 9
9647 6
9648 15
9649 7
9650 7
9651 7
9652 6
9653 4
9654 10
9655 4
9656 7
9657 7
9658 6
9659 11
9660 6
9661 6
9662 15
9663 4
9664 5
9665 8
9666 6
9667 11
9668 7
9669 9
9670 11
9671 7
9672 11
9673 7
9674 7
9675 14
9676 8
9677 7
9678 8
9679 17
9680 7
9681 12
9682 9
9683 9
9684 6
9685 4
9686 7
9687 9
9688 8
9689 10
9690 11
9691 7
9692 7
9693 5
9694 8
9695 7
9696 8
9697 4
9698 4
9699 7
9700 8
9701 8
9702 8
9703 9
9704 10
9705 9
9706 10
9707 6
9708 10
9709 4
9710 8
9711 8
9712 5
9713 8
9714 6
9715 4
9716 6
9717 8
9718 4
9719 6
9720 8
9721 8
9722 6
9723 10
9724 9
9725 11
9726 7
9727 9
9728 12
9729 10
9730 13
9731 4
9732 6
9733 7
9734 9
9735 8
9736 9
9737 5
9738 8
9739 6
9740 11
9741 9
9742 8
9743 14
9744 10
9745 8
9746 11
9747 10
9748 9
9749 9
9750 9
9751 9
9752 11
9753 12
9754 10
9755 13
9756 8
9757 11
9758 10
9759 12
9760 9
9761 11
9762 9
9763 13
9764 12
9765 8
9766 8
9767 7
9768 15
9769 12
9770 8
9771 9
9772 9
9773 10
9774 7
9775 8
9776 7
9777 7
9778 6
9779 6
9780 7
9781 7
9782 8
9783 6
9784 9
9785 11
9786 7
9787 6
9788 4
9789 5
9790 14
9791 7
9792 4
9793 4
9794 10
9795 7
9796 8
9797 4
9798 4
9799 9
9800 5
9801 7
9802 4
9803 7
9804 11
9805 7
9806 12
9807 8
9808 5
9809 8
9810 5
9811 11
9812 9
9813 8
9814 7
9815 14
9816 8
9817 6
9818 8
9819 7
9820 7
9821 7
9822 4
9823 8
9824 7
9825 12
9826 10
9827 7
9828 8
9829 7
9830 9
9831 12
9832 6
9833 4
9834 6
9835 9
9836 5
9837 9
9838 4
9839 13
9840 4
9841 6
9842 9
9843 12
9844 4
9845 4
9846 11
9847 9
9848 9
9849 12
9850 16
9851 10
9852 9
9853 10
9854 8
9855 11
9856 8
9857 2
9858 7
9859 5
9860 5
9861 8
9862 11
9863 7
9864 9
9865 11
9866 13
9867 8
9868 4
9869 5
9870 7
9871 4
9872 14
9873 5
9874 7
9875 6
9876 10
9877 6
9878 12
9879 8
9880 7
9881 7
9882 4
9883 10
9884 6
9885 7
9886 10
9887 8
9888 8
9889 6
9890 6
9891 9
9892 7
9893 10
9894 6
9895 8
9896 8
9897 8
9898 7
9899 7
9900 9
9901 10
9902 5
9903 7
9904 10
9905 6
9906 4
9907 8
9908 11
9909 8
9910 9
9911 13
9912 9
9913 10
9914 7
9915 7
9916 9
9917 8
9918 9
9919 9
9920 20
9921 6
9922 5
9923 10
9924 11
9925 9
9926 9
9927 13
9928 8
9929 6
9930 8
9931 7
9932 11
9933 14
9934 11
9935 10
9936 17
9937 13
9938 12
9939 7
9940 7
9941 8
9942 8
9943 12
9944 13
9945 14
9946 6
9947 7
9948 8
9949 8
9950 7
9951 8
9952 7
9953 9
9954 7
9955 9
9956 7
9957 7
9958 7
9959 9
9960 10
9961 13
9962 6
9963 9
9964 6
9965 14
9966 12
9967 13
9968 9
9969 5
9970 6
9971 8
9972 12
9973 5
9974 7
9975 13
9976 7
9977 10
9978 8
9979 8
9980 8
9981 10
9982 8
9983 9
9984 9
9985 8
9986 9
9987 12
9988 10
9989 13
9990 12
9991 9
9992 10
9993 15
9994 14
9995 4
9996 9
9997 6
9998 10
9999 13
10000 15
10001 4
10002 10
10003 8
10004 8
10005 13
10006 8
10007 8
10008 13
10009 10
10010 8
10011 9
10012 13
10013 8
10014 9
10015 15
10016 7
10017 7
10018 5
10019 7
10020 9
10021 11
10022 12
10023 8
10024 15
10025 11
10026 15
10027 9
10028 10
10029 11
10030 6
10031 8
10032 7
10033 8
10034 7
10035 4
10036 5
10037 6
10038 5
10039 5
10040 12
