1	1	3	0	0	1
1	2	4	0	1	1
1	3	5	1	0	1
2	4	3	0	1	1
2	5	4	1	0	1
2	6	5	0	1	1
2	7	6	1	0	1
2	8	7	0	0	1
2	9	8	0	0	1
2	10	9	0	0	1
2	11	10	0	0	1
2	12	11	0	0	1
2	13	12	0	0	1
2	14	13	0	0	1
2	15	14	0	1	1
2	16	15	1	1	1
2	17	16	1	0	1
3	4	3	0	1	1
3	5	4	1	0	1
3	6	5	0	1	1
3	7	6	1	0	1
3	18	7	0	0	1
3	19	8	0	0	1
3	20	9	0	0	1
4	21	3	1	1	1
4	5	4	1	0	1
4	6	5	0	1	1
4	22	6	1	0	1
4	23	7	0	0	1
4	24	8	0	0	1
4	25	9	0	0	1
4	26	10	0	1	1
4	27	11	1	0	1
5	4	3	0	1	1
5	5	4	1	0	1
5	28	5	0	0	1
5	29	6	0	1	1
5	30	7	1	0	1
6	4	3	0	1	1
6	5	4	1	0	1
6	6	5	0	1	1
6	31	6	1	0	1
6	32	7	0	0	1
6	33	8	0	1	1
6	34	9	1	0	1
6	35	10	0	0	1
7	21	3	1	1	1
7	5	4	1	0	1
7	6	5	0	1	1
7	31	6	1	0	1
7	36	7	0	1	1
7	37	8	1	0	1
7	38	9	0	0	1
7	39	10	0	1	1
7	40	11	1	0	1
8	4	3	0	1	1
8	5	4	1	0	1
8	6	5	0	1	1
8	41	6	1	1	1
8	42	7	1	0	1
8	43	8	0	0	1
8	44	9	0	0	1
9	4	3	0	1	1
9	45	4	1	1	1
9	46	5	1	0	1
9	47	6	0	0	1
9	48	7	0	0	1
9	49	8	0	0	1
9	50	9	0	0	1
9	51	10	0	1	1
9	52	11	1	0	1
10	4	3	0	1	1
10	5	4	1	0	1
10	6	5	0	1	1
10	53	6	1	0	1
10	54	7	0	0	1
10	55	8	0	1	1
10	56	9	1	0	1
10	57	10	0	0	1
10	58	11	0	1	1
10	59	12	1	0	1
11	4	3	0	1	1
11	5	4	1	0	1
11	6	5	0	1	1
11	53	6	1	0	1
11	54	7	0	0	1
11	55	8	0	1	1
11	60	9	1	0	1
11	61	10	0	0	1
12	4	3	0	1	1
12	5	4	1	0	1
12	6	5	0	1	1
12	53	6	1	0	1
12	62	7	0	1	1
12	63	8	1	0	1
12	64	9	0	1	1
12	65	10	1	0	1
13	4	3	0	1	1
13	5	4	1	0	1
13	6	5	0	1	1
13	53	6	1	0	1
13	54	7	0	0	1
13	66	8	0	1	1
13	67	9	1	0	1
13	32	10	0	0	1
13	68	11	0	0	1
14	21	3	1	1	1
14	5	4	1	0	1
14	6	5	0	1	1
14	69	6	1	1	1
14	70	7	1	1	1
14	71	8	1	1	1
14	72	9	1	0	1
14	73	10	0	0	1
14	74	11	0	0	1
14	75	12	0	0	1
14	76	13	0	0	1
15	4	3	0	1	1
15	5	4	1	0	1
15	6	5	0	1	1
15	77	6	1	0	1
15	78	7	0	1	1
15	79	8	1	1	1
15	80	9	1	0	1
15	81	10	0	1	1
15	82	11	1	0	1
15	83	12	0	0	1
15	84	13	0	0	1
16	4	3	0	1	1
16	5	4	1	0	1
16	6	5	0	1	1
16	77	6	1	0	1
16	85	7	0	0	1
16	86	8	0	0	1
16	87	9	0	1	1
16	88	10	1	0	1
17	4	3	0	1	1
17	5	4	1	0	1
17	6	5	0	1	1
17	89	6	1	0	1
17	90	7	0	0	1
17	91	8	0	0	1
17	92	9	0	0	1
17	93	10	0	0	1
17	94	11	0	0	1
17	95	12	0	1	1
17	96	13	1	0	1
17	97	14	0	1	1
17	30	15	1	0	1
17	51	16	0	1	1
17	52	17	1	0	1
18	4	3	0	1	1
18	5	4	1	0	1
18	6	5	0	1	1
18	98	6	1	0	1
18	99	7	0	1	1
18	100	8	1	0	1
18	101	9	0	0	1
18	102	10	0	0	1
18	103	11	0	0	1
18	104	12	0	0	1
18	39	13	0	1	1
18	105	14	1	0	1
18	106	15	0	1	1
18	107	16	1	0	1
19	4	3	0	1	1
19	5	4	1	0	1
19	6	5	0	1	1
19	108	6	1	0	1
19	109	7	0	1	1
19	110	8	1	0	1
19	111	9	0	1	1
19	112	10	1	0	1
19	113	11	0	1	1
19	114	12	1	0	1
20	4	3	0	1	1
20	5	4	1	0	1
20	115	5	0	0	1
20	116	6	0	0	1
20	117	7	0	0	1
21	4	3	0	1	1
21	5	4	1	0	1
21	118	5	0	0	1
21	119	6	0	1	1
21	120	7	1	0	1
22	4	3	0	1	1
22	5	4	1	0	1
22	118	5	0	0	1
22	119	6	0	1	1
22	120	7	1	0	1
22	121	8	0	0	1
22	122	9	0	0	1
22	123	10	0	0	1
23	4	3	0	1	1
23	5	4	1	0	1
23	118	5	0	0	1
23	119	6	0	1	1
23	124	7	1	0	1
24	4	3	0	1	1
24	5	4	1	0	1
24	125	5	0	0	1
24	126	6	0	0	1
24	127	7	0	1	1
24	128	8	1	1	1
24	129	9	1	1	1
24	130	10	1	0	1
24	131	11	0	0	1
25	4	3	0	1	1
25	5	4	1	0	1
25	125	5	0	0	1
25	132	6	0	1	1
25	133	7	1	0	1
26	4	3	0	1	1
26	134	4	1	0	1
26	135	5	0	0	1
26	136	6	0	0	1
26	1	7	0	0	1
26	9	8	0	0	1
26	137	9	0	1	1
26	63	10	1	0	1
27	4	3	0	1	1
27	138	4	1	0	1
27	139	5	0	0	1
27	140	6	0	0	1
27	141	7	0	0	1
28	4	3	0	1	1
28	138	4	1	0	1
28	142	5	0	0	1
28	143	6	0	0	1
28	144	7	0	1	1
28	145	8	1	0	1
29	4	3	0	1	1
29	138	4	1	0	1
29	146	5	0	0	1
29	147	6	0	0	1
29	148	7	0	1	1
29	149	8	1	0	1
30	4	3	0	1	1
30	150	4	1	0	1
30	151	5	0	0	1
30	152	6	0	0	1
30	153	7	0	0	1
31	4	3	0	1	1
31	150	4	1	0	1
31	154	5	0	0	1
31	155	6	0	1	1
31	156	7	1	0	1
32	4	3	0	1	1
32	150	4	1	0	1
32	157	5	0	0	1
33	4	3	0	1	1
33	150	4	1	0	1
33	158	5	0	1	1
33	159	6	1	1	1
33	160	7	1	0	1
33	161	8	0	0	1
33	90	9	0	0	1
33	91	10	0	0	1
34	4	3	0	1	1
34	150	4	1	0	1
34	162	5	0	0	1
34	163	6	0	0	1
34	164	7	0	1	1
34	165	8	1	0	1
35	4	3	0	1	1
35	150	4	1	0	1
35	162	5	0	0	1
35	163	6	0	0	1
35	164	7	0	1	1
35	166	8	1	0	1
36	4	3	0	1	1
36	150	4	1	0	1
36	162	5	0	0	1
36	163	6	0	0	1
36	164	7	0	1	1
36	166	8	1	0	1
36	167	9	0	1	1
36	168	10	1	0	1
37	4	3	0	1	1
37	150	4	1	0	1
37	162	5	0	0	1
37	169	6	0	0	1
37	170	7	0	1	1
37	171	8	1	0	1
38	4	3	0	1	1
38	172	4	1	0	1
38	173	5	0	0	1
38	174	6	0	1	1
38	175	7	1	1	1
38	176	8	1	0	1
38	177	9	0	0	1
39	4	3	0	1	1
39	172	4	1	0	1
39	178	5	0	0	1
39	179	6	0	0	1
39	180	7	0	1	1
39	181	8	1	0	1
40	4	3	0	1	1
40	182	4	1	0	1
40	183	5	0	0	1
40	184	6	0	0	1
40	185	7	0	1	1
40	186	8	1	0	1
41	4	3	0	1	1
41	182	4	1	0	1
41	187	5	0	0	1
41	188	6	0	0	1
42	4	3	0	1	1
42	182	4	1	0	1
42	187	5	0	0	1
42	189	6	0	0	1
42	83	7	0	0	1
42	190	8	0	1	1
42	191	9	1	1	1
42	192	10	1	0	1
42	177	11	0	0	1
43	4	3	0	1	1
43	182	4	1	0	1
43	187	5	0	0	1
43	193	6	0	0	1
43	194	7	0	0	1
43	195	8	0	0	1
44	4	3	0	1	1
44	182	4	1	0	1
44	187	5	0	0	1
44	193	6	0	0	1
44	196	7	0	0	1
44	197	8	0	0	1
44	198	9	0	0	1
44	199	10	0	1	1
44	200	11	1	0	1
45	4	3	0	1	1
45	182	4	1	0	1
45	201	5	0	0	1
45	202	6	0	0	1
45	203	7	0	0	1
45	204	8	0	0	1
45	91	9	0	0	1
45	205	10	0	1	1
45	206	11	1	0	1
45	106	12	0	1	1
45	107	13	1	0	1
46	4	3	0	1	1
46	207	4	1	0	1
46	208	5	0	1	1
46	209	6	1	0	1
46	125	7	0	0	1
46	210	8	0	0	1
46	170	9	0	1	1
46	211	10	1	1	1
46	212	11	1	0	1
47	4	3	0	1	1
47	207	4	1	0	1
47	213	5	0	0	1
47	214	6	0	0	1
47	57	7	0	0	1
48	4	3	0	1	1
48	207	4	1	0	1
48	208	5	0	1	1
48	215	6	1	0	1
48	204	7	0	0	1
48	216	8	0	0	1
48	217	9	0	1	1
48	218	10	1	0	1
48	219	11	0	0	1
48	213	12	0	0	1
48	220	13	0	1	1
48	145	14	1	0	1
49	4	3	0	1	1
49	207	4	1	0	1
49	221	5	0	0	1
50	4	3	0	1	1
50	207	4	1	0	1
50	222	5	0	0	1
50	68	6	0	0	1
50	223	7	0	0	1
50	224	8	0	1	1
50	225	9	1	0	1
50	226	10	0	1	1
50	107	11	1	0	1
50	227	12	0	1	1
50	228	13	1	1	1
50	229	14	1	0	1
50	177	15	0	0	1
51	4	3	0	1	1
51	207	4	1	0	1
51	222	5	0	0	1
51	68	6	0	0	1
51	223	7	0	0	1
51	224	8	0	1	1
51	230	9	1	1	1
51	17	10	1	0	1
52	4	3	0	1	1
52	207	4	1	0	1
52	222	5	0	0	1
52	68	6	0	0	1
52	217	7	0	1	1
52	231	8	1	1	1
52	17	9	1	0	1
53	4	3	0	1	1
53	207	4	1	0	1
53	222	5	0	0	1
53	74	6	0	0	1
53	232	7	0	0	1
53	14	8	0	0	1
54	4	3	0	1	1
54	207	4	1	0	1
54	222	5	0	0	1
54	233	6	0	0	1
54	234	7	0	0	1
54	38	8	0	0	1
54	235	9	0	0	1
54	236	10	0	0	1
54	237	11	0	0	1
54	153	12	0	0	1
55	4	3	0	1	1
55	207	4	1	0	1
55	238	5	0	1	1
55	239	6	1	0	1
55	240	7	0	0	1
56	4	3	0	1	1
56	207	4	1	0	1
56	238	5	0	1	1
56	239	6	1	0	1
56	240	7	0	0	1
56	119	8	0	1	1
56	241	9	1	0	1
57	4	3	0	1	1
57	207	4	1	0	1
57	238	5	0	1	1
57	242	6	1	0	1
57	243	7	0	0	1
57	244	8	0	1	1
57	245	9	1	0	1
58	4	3	0	1	1
58	207	4	1	0	1
58	246	5	0	0	1
58	247	6	0	1	1
58	248	7	1	0	1
58	249	8	0	0	1
58	232	9	0	0	1
58	14	10	0	0	1
58	250	11	0	0	1
58	251	12	0	0	1
58	252	13	0	0	1
58	253	14	0	0	1
59	4	3	0	1	1
59	207	4	1	0	1
59	246	5	0	0	1
59	247	6	0	1	1
59	254	7	1	0	1
59	255	8	0	0	1
59	256	9	0	0	1
59	257	10	0	0	1
59	258	11	0	0	1
59	259	12	0	0	1
59	237	13	0	0	1
59	260	14	0	0	1
60	4	3	0	1	1
60	207	4	1	0	1
60	246	5	0	0	1
60	247	6	0	1	1
60	261	7	1	0	1
60	262	8	0	0	1
60	263	9	0	0	1
60	264	10	0	0	1
60	265	11	0	0	1
60	266	12	0	0	1
60	267	13	0	0	1
61	4	3	0	1	1
61	207	4	1	0	1
61	268	5	0	1	1
61	37	6	1	0	1
61	38	7	0	0	1
61	39	8	0	1	1
61	105	9	1	0	1
61	269	10	0	1	1
61	270	11	1	0	1
62	4	3	0	1	1
62	271	4	1	0	1
62	141	5	0	0	1
62	272	6	0	0	1
62	273	7	0	0	1
63	4	3	0	1	1
63	271	4	1	0	1
63	141	5	0	0	1
63	274	6	0	0	1
63	275	7	0	0	1
63	276	8	0	0	1
64	4	3	0	1	1
64	271	4	1	0	1
64	277	5	0	0	1
64	83	6	0	0	1
64	278	7	0	1	1
64	165	8	1	0	1
65	4	3	0	1	1
65	271	4	1	0	1
65	277	5	0	0	1
65	279	6	0	0	1
65	280	7	0	0	1
66	4	3	0	1	1
66	281	4	1	1	1
66	282	5	1	0	1
66	43	6	0	0	1
66	44	7	0	0	1
67	4	3	0	1	1
67	281	4	1	1	1
67	283	5	1	0	1
67	284	6	0	0	1
67	83	7	0	0	1
67	278	8	0	1	1
67	166	9	1	0	1
67	285	10	0	0	1
67	286	11	0	0	1
68	4	3	0	1	1
68	287	4	1	0	1
68	288	5	0	0	1
68	289	6	0	0	1
68	290	7	0	0	1
68	291	8	0	0	1
69	1	3	0	0	1
69	9	4	0	0	1
69	292	5	0	1	1
69	293	6	1	1	1
69	294	7	1	0	1
69	177	8	0	0	1
70	4	3	0	1	1
70	287	4	1	0	1
70	122	5	0	0	1
70	55	6	0	1	1
70	295	7	1	0	1
70	118	8	0	0	1
70	119	9	0	1	1
70	241	10	1	0	1
71	4	3	0	1	1
71	287	4	1	0	1
71	122	5	0	0	1
71	55	6	0	1	1
71	296	7	1	0	1
71	213	8	0	0	1
71	297	9	0	0	1
71	298	10	0	0	1
72	4	3	0	1	1
72	287	4	1	0	1
72	122	5	0	0	1
72	55	6	0	1	1
72	296	7	1	0	1
72	222	8	0	0	1
72	74	9	0	0	1
72	299	10	0	1	1
72	300	11	1	0	1
72	301	12	0	1	1
72	302	13	1	1	1
72	303	14	1	0	1
73	4	3	0	1	1
73	287	4	1	0	1
73	122	5	0	0	1
73	55	6	0	1	1
73	304	7	1	0	1
73	141	8	0	0	1
73	144	9	0	1	1
73	145	10	1	0	1
74	4	3	0	1	1
74	287	4	1	0	1
74	122	5	0	0	1
74	55	6	0	1	1
74	305	7	1	0	1
74	306	8	0	0	1
74	307	9	0	0	1
74	308	10	0	1	1
74	309	11	1	0	1
75	4	3	0	1	1
75	287	4	1	0	1
75	122	5	0	0	1
75	55	6	0	1	1
75	60	7	1	0	1
75	61	8	0	0	1
76	4	3	0	1	1
76	287	4	1	0	1
76	122	5	0	0	1
76	55	6	0	1	1
76	310	7	1	0	1
76	204	8	0	0	1
76	311	9	0	0	1
76	312	10	0	0	1
76	292	11	0	1	1
76	313	12	1	0	1
77	4	3	0	1	1
77	287	4	1	0	1
77	122	5	0	0	1
77	55	6	0	1	1
77	314	7	1	1	1
77	315	8	1	0	1
77	316	9	0	0	1
77	44	10	0	0	1
78	4	3	0	1	1
78	287	4	1	0	1
78	122	5	0	0	1
78	55	6	0	1	1
78	317	7	1	0	1
78	318	8	0	0	1
78	319	9	0	0	1
78	122	10	0	0	1
78	320	11	0	0	1
79	4	3	0	1	1
79	287	4	1	0	1
79	122	5	0	0	1
79	55	6	0	1	1
79	317	7	1	0	1
79	318	8	0	0	1
79	321	9	0	1	1
79	65	10	1	0	1
80	4	3	0	1	1
80	287	4	1	0	1
80	137	5	0	1	1
80	63	6	1	0	1
80	64	7	0	1	1
80	65	8	1	0	1
80	269	9	0	1	1
80	322	10	1	0	1
81	4	3	0	1	1
81	287	4	1	0	1
81	122	5	0	0	1
81	66	6	0	1	1
81	323	7	1	0	1
81	324	8	0	1	1
81	325	9	1	0	1
81	326	10	0	1	1
81	327	11	1	0	1
81	10	12	0	0	1
81	11	13	0	0	1
81	143	14	0	0	1
82	4	3	0	1	1
82	287	4	1	0	1
82	122	5	0	0	1
82	320	6	0	0	1
82	328	7	0	1	1
82	329	8	1	0	1
83	4	3	0	1	1
83	287	4	1	0	1
83	260	5	0	0	1
83	330	6	0	0	1
83	331	7	0	0	1
83	332	8	0	0	1
84	4	3	0	1	1
84	287	4	1	0	1
84	333	5	0	0	1
84	334	6	0	1	1
84	335	7	1	1	1
84	21	8	1	1	1
84	5	9	1	0	1
84	4	10	0	1	1
84	287	11	1	0	1
84	333	12	0	0	1
84	336	13	0	0	1
85	4	3	0	1	1
85	287	4	1	0	1
85	333	5	0	0	1
85	336	6	0	0	1
86	4	3	0	1	1
86	287	4	1	0	1
86	333	5	0	0	1
86	337	6	0	0	1
86	338	7	0	0	1
86	339	8	0	0	1
86	153	9	0	0	1
87	4	3	0	1	1
87	287	4	1	0	1
87	340	5	0	0	1
87	341	6	0	0	1
88	4	3	0	1	1
88	342	4	1	0	1
88	275	5	0	0	1
88	276	6	0	0	1
88	184	7	0	0	1
88	343	8	0	0	1
88	344	9	0	0	1
88	116	10	0	0	1
88	117	11	0	0	1
89	4	3	0	1	1
89	342	4	1	0	1
89	275	5	0	0	1
89	276	6	0	0	1
89	312	7	0	0	1
89	345	8	0	0	1
89	346	9	0	0	1
90	4	3	0	1	1
90	342	4	1	0	1
90	275	5	0	0	1
90	276	6	0	0	1
90	347	7	0	0	1
90	348	8	0	1	1
90	171	9	1	0	1
91	4	3	0	1	1
91	342	4	1	0	1
91	275	5	0	0	1
91	276	6	0	0	1
91	347	7	0	0	1
91	348	8	0	1	1
91	171	9	1	0	1
91	349	10	0	1	1
91	350	11	1	0	1
92	4	3	0	1	1
92	342	4	1	0	1
92	351	5	0	1	1
92	352	6	1	0	1
93	4	3	0	1	1
93	342	4	1	0	1
93	275	5	0	0	1
93	353	6	0	0	1
93	354	7	0	1	1
93	355	8	1	1	1
93	176	9	1	0	1
93	177	10	0	0	1
94	4	3	0	1	1
94	342	4	1	0	1
94	275	5	0	0	1
94	356	6	0	0	1
94	357	7	0	1	1
94	358	8	1	0	1
95	4	3	0	1	1
95	359	4	1	0	1
95	360	5	0	0	1
95	361	6	0	0	1
95	351	7	0	1	1
95	362	8	1	0	1
96	4	3	0	1	1
96	359	4	1	0	1
96	363	5	0	0	1
96	364	6	0	0	1
96	365	7	0	1	1
96	165	8	1	0	1
96	366	9	0	1	1
96	329	10	1	0	1
97	4	3	0	1	1
97	359	4	1	0	1
97	363	5	0	0	1
97	364	6	0	0	1
97	367	7	0	1	1
97	368	8	1	1	1
97	369	9	1	0	1
98	4	3	0	1	1
98	370	4	1	0	1
98	371	5	0	1	1
98	372	6	1	0	1
98	187	7	0	0	1
98	188	8	0	0	1
98	97	9	0	1	1
98	373	10	1	0	1
99	4	3	0	1	1
99	370	4	1	0	1
99	371	5	0	1	1
99	374	6	1	0	1
99	275	7	0	0	1
99	276	8	0	0	1
99	347	9	0	0	1
99	348	10	0	1	1
99	171	11	1	0	1
99	349	12	0	1	1
99	373	13	1	0	1
99	375	14	0	0	1
99	286	15	0	0	1
100	4	3	0	1	1
100	370	4	1	0	1
100	371	5	0	1	1
100	376	6	1	0	1
100	377	7	0	0	1
100	378	8	0	0	1
100	379	9	0	1	1
100	380	10	1	1	1
100	381	11	1	0	1
100	177	12	0	0	1
101	4	3	0	1	1
101	370	4	1	0	1
101	61	5	0	0	1
101	102	6	0	0	1
101	103	7	0	0	1
101	104	8	0	0	1
101	39	9	0	1	1
101	40	10	1	0	1
102	4	3	0	1	1
102	370	4	1	0	1
102	382	5	0	1	1
102	383	6	1	0	1
102	324	7	0	1	1
102	384	8	1	0	1
102	238	9	0	1	1
102	385	10	1	0	1
102	386	11	0	0	1
102	387	12	0	0	1
102	95	13	0	1	1
102	52	14	1	0	1
103	4	3	0	1	1
103	370	4	1	0	1
103	388	5	0	0	1
103	389	6	0	0	1
104	4	3	0	1	1
104	370	4	1	0	1
104	390	5	0	1	1
104	391	6	1	0	1
104	312	7	0	0	1
104	153	8	0	0	1
105	4	3	0	1	1
105	370	4	1	0	1
105	388	5	0	0	1
105	389	6	0	0	1
105	392	7	0	0	1
105	393	8	0	0	1
105	394	9	0	1	1
105	59	10	1	0	1
106	4	3	0	1	1
106	370	4	1	0	1
106	388	5	0	0	1
106	395	6	0	0	1
106	396	7	0	1	1
106	397	8	1	0	1
107	4	3	0	1	1
107	370	4	1	0	1
107	398	5	0	1	1
107	399	6	1	0	1
107	400	7	0	0	1
107	74	8	0	0	1
107	232	9	0	0	1
107	14	10	0	0	1
107	401	11	0	1	1
107	402	12	1	1	1
107	403	13	1	0	1
107	177	14	0	0	1
108	4	3	0	1	1
108	370	4	1	0	1
108	404	5	0	0	1
108	405	6	0	1	1
108	406	7	1	0	1
109	4	3	0	1	1
109	407	4	1	0	1
109	348	5	0	1	1
109	171	6	1	0	1
110	4	3	0	1	1
110	407	4	1	0	1
110	204	5	0	0	1
110	94	6	0	0	1
110	408	7	0	0	1
110	62	8	0	1	1
110	409	9	1	0	1
110	410	10	0	1	1
110	411	11	1	0	1
110	412	12	0	1	1
110	96	13	1	0	1
111	4	3	0	1	1
111	407	4	1	0	1
111	204	5	0	0	1
111	413	6	0	0	1
112	4	3	0	1	1
112	407	4	1	0	1
112	204	5	0	0	1
112	91	6	0	0	1
112	414	7	0	0	1
112	415	8	0	1	1
112	416	9	1	0	1
112	417	10	0	1	1
112	270	11	1	0	1
113	4	3	0	1	1
113	407	4	1	0	1
113	204	5	0	0	1
113	91	6	0	0	1
113	414	7	0	0	1
113	418	8	0	1	1
113	368	9	1	1	1
113	419	10	1	0	1
114	4	3	0	1	1
114	407	4	1	0	1
114	204	5	0	0	1
114	420	6	0	0	1
114	234	7	0	0	1
114	421	8	0	1	1
114	96	9	1	0	1
115	4	3	0	1	1
115	422	4	1	0	1
115	423	5	0	0	1
115	424	6	0	0	1
115	213	7	0	0	1
115	425	8	0	0	1
115	390	9	0	1	1
115	426	10	1	0	1
115	95	11	0	1	1
115	427	12	1	1	1
115	176	13	1	0	1
115	177	14	0	0	1
116	4	3	0	1	1
116	422	4	1	0	1
116	423	5	0	0	1
116	428	6	0	1	1
116	429	7	1	0	1
117	4	3	0	1	1
117	430	4	1	1	1
117	431	5	1	0	1
118	4	3	0	1	1
118	432	4	1	1	1
118	315	5	1	0	1
119	4	3	0	1	1
119	432	4	1	1	1
119	315	5	1	0	1
119	316	6	0	0	1
119	44	7	0	0	1
120	4	3	0	1	1
120	433	4	1	0	1
120	434	5	0	1	1
120	435	6	1	0	1
120	436	7	0	1	1
120	437	8	1	1	1
120	176	9	1	0	1
120	177	10	0	0	1
121	4	3	0	1	1
121	433	4	1	0	1
121	434	5	0	1	1
121	438	6	1	0	1
121	400	7	0	0	1
121	74	8	0	0	1
121	232	9	0	0	1
121	14	10	0	0	1
121	401	11	0	1	1
121	402	12	1	1	1
121	403	13	1	0	1
121	177	14	0	0	1
122	4	3	0	1	1
122	433	4	1	0	1
122	439	5	0	1	1
122	440	6	1	0	1
122	441	7	0	0	1
122	143	8	0	0	1
122	144	9	0	1	1
122	442	10	1	0	1
123	4	3	0	1	1
123	433	4	1	0	1
123	439	5	0	1	1
123	443	6	1	0	1
123	444	7	0	0	1
123	405	8	0	1	1
123	445	9	1	0	1
124	4	3	0	1	1
124	446	4	1	0	1
124	318	5	0	0	1
124	447	6	0	1	1
124	442	7	1	0	1
125	4	3	0	1	1
125	446	4	1	0	1
125	318	5	0	0	1
125	447	6	0	1	1
125	145	7	1	0	1
126	4	3	0	1	1
126	448	4	1	1	1
126	449	5	1	0	1
126	450	6	0	0	1
126	39	7	0	1	1
126	191	8	1	1	1
126	192	9	1	0	1
126	177	10	0	0	1
127	4	3	0	1	1
127	448	4	1	1	1
127	449	5	1	0	1
127	450	6	0	0	1
127	39	7	0	1	1
127	105	8	1	0	1
128	3	3	1	0	1
128	451	4	0	0	1
128	44	5	0	0	1
129	4	3	0	1	1
129	446	4	1	0	1
129	452	5	0	1	1
129	453	6	1	0	1
129	454	7	0	0	1
129	455	8	0	1	1
129	456	9	1	1	1
129	457	10	1	0	1
129	177	11	0	0	1
130	4	3	0	1	1
130	446	4	1	0	1
130	452	5	0	1	1
130	453	6	1	0	1
130	458	7	0	0	1
130	244	8	0	1	1
130	459	9	1	1	1
130	229	10	1	0	1
130	177	11	0	0	1
131	4	3	0	1	1
131	446	4	1	0	1
131	452	5	0	1	1
131	460	6	1	0	1
131	461	7	0	0	1
131	462	8	0	0	1
131	144	9	0	1	1
131	463	10	1	0	1
131	301	11	0	1	1
131	96	12	1	0	1
132	4	3	0	1	1
132	446	4	1	0	1
132	452	5	0	1	1
132	464	6	1	0	1
132	465	7	0	0	1
132	276	8	0	0	1
132	347	9	0	0	1
132	348	10	0	1	1
132	466	11	1	0	1
133	4	3	0	1	1
133	446	4	1	0	1
133	452	5	0	1	1
133	464	6	1	0	1
133	465	7	0	0	1
133	387	8	0	0	1
133	467	9	0	0	1
133	468	10	0	1	1
133	171	11	1	0	1
134	3	3	1	0	1
134	469	4	0	1	1
134	65	5	1	0	1
134	269	6	0	1	1
134	470	7	1	1	1
134	471	8	1	0	1
134	177	9	0	0	1
135	4	3	0	1	1
135	446	4	1	0	1
135	472	5	0	1	1
135	473	6	1	0	1
135	474	7	0	0	1
135	244	8	0	1	1
135	475	9	1	0	1
136	4	3	0	1	1
136	446	4	1	0	1
136	472	5	0	1	1
136	110	6	1	0	1
136	111	7	0	1	1
136	476	8	1	0	1
136	477	9	0	0	1
136	68	10	0	0	1
136	478	11	0	0	1
136	479	12	0	1	1
136	186	13	1	0	1
136	480	14	0	1	1
136	107	15	1	0	1
137	4	3	0	1	1
137	446	4	1	0	1
137	472	5	0	1	1
137	481	6	1	0	1
137	482	7	0	0	1
137	94	8	0	0	1
137	408	9	0	0	1
137	62	10	0	1	1
137	63	11	1	0	1
138	4	3	0	1	1
138	446	4	1	0	1
138	483	5	0	1	1
138	484	6	1	0	1
138	485	7	0	1	1
138	486	8	1	0	1
138	487	9	0	0	1
138	462	10	0	0	1
138	144	11	0	1	1
138	442	12	1	0	1
139	46	3	1	0	1
140	6	3	0	1	1
140	7	4	1	0	1
140	488	5	0	1	1
140	31	6	1	0	1
140	36	7	0	1	1
140	37	8	1	0	1
140	38	9	0	0	1
140	39	10	0	1	1
140	40	11	1	0	1
141	6	3	0	1	1
141	7	4	1	0	1
141	488	5	0	1	1
141	53	6	1	0	1
141	54	7	0	0	1
141	55	8	0	1	1
141	489	9	1	0	1
141	363	10	0	0	1
141	364	11	0	0	1
141	365	12	0	1	1
141	165	13	1	0	1
142	6	3	0	1	1
142	7	4	1	0	1
142	488	5	0	1	1
142	108	6	1	0	1
142	490	7	0	1	1
142	491	8	1	0	1
142	492	9	0	0	1
142	424	10	0	0	1
142	213	11	0	0	1
142	425	12	0	0	1
142	390	13	0	1	1
142	426	14	1	0	1
142	95	15	0	1	1
142	96	16	1	0	1
143	6	3	0	1	1
143	7	4	1	0	1
143	18	5	0	0	1
143	493	6	0	1	1
143	494	7	1	0	1
144	6	3	0	1	1
144	495	4	1	0	1
144	496	5	0	0	1
144	163	6	0	0	1
144	164	7	0	1	1
144	166	8	1	0	1
144	167	9	0	1	1
144	168	10	1	0	1
145	46	3	1	0	1
145	497	4	0	0	1
145	498	5	0	0	1
145	499	6	0	0	1
145	500	7	0	1	1
145	501	8	1	0	1
145	502	9	0	1	1
145	503	10	1	0	1
146	6	3	0	1	1
146	31	4	1	0	1
146	504	5	0	0	1
146	214	6	0	0	1
146	57	7	0	0	1
147	28	3	0	0	1
147	29	4	0	1	1
147	30	5	1	0	1
148	28	3	0	0	1
148	505	4	0	0	1
148	506	5	0	0	1
148	507	6	0	0	1
148	508	7	0	0	1
148	509	8	0	1	1
148	52	9	1	0	1
149	6	3	0	1	1
149	31	4	1	0	1
149	510	5	0	1	1
149	511	6	1	0	1
149	512	7	0	0	1
149	513	8	0	1	1
149	96	9	1	0	1
150	6	3	0	1	1
150	514	4	1	0	1
150	515	5	0	0	1
150	516	6	0	0	1
150	517	7	0	0	1
150	74	8	0	0	1
151	6	3	0	1	1
151	514	4	1	0	1
151	518	5	0	0	1
151	519	6	0	0	1
151	520	7	0	0	1
151	521	8	0	0	1
152	522	3	1	1	1
152	41	4	1	1	1
152	523	5	1	0	1
152	524	6	0	0	1
152	525	7	0	0	1
152	526	8	0	1	1
152	42	9	1	0	1
153	6	3	0	1	1
153	527	4	1	0	1
153	528	5	0	0	1
153	529	6	0	0	1
153	530	7	0	0	1
153	474	8	0	0	1
154	46	3	1	0	1
154	104	4	0	0	1
154	54	5	0	0	1
154	123	6	0	0	1
154	531	7	0	0	1
154	532	8	0	0	1
154	533	9	0	1	1
154	96	10	1	0	1
155	6	3	0	1	1
155	53	4	1	0	1
155	534	5	0	0	1
155	535	6	0	0	1
155	536	7	0	0	1
155	267	8	0	0	1
156	6	3	0	1	1
156	77	4	1	0	1
156	537	5	0	0	1
157	6	3	0	1	1
157	77	4	1	0	1
157	78	5	0	1	1
157	538	6	1	0	1
157	539	7	0	0	1
157	540	8	0	0	1
157	541	9	0	0	1
158	6	3	0	1	1
158	77	4	1	0	1
158	78	5	0	1	1
158	542	6	1	0	1
158	543	7	0	1	1
158	544	8	1	0	1
158	545	9	0	0	1
158	546	10	0	0	1
158	221	11	0	0	1
158	547	12	0	0	1
158	548	13	0	0	1
159	522	3	1	1	1
159	77	4	1	0	1
159	543	5	0	1	1
159	549	6	1	0	1
159	550	7	0	0	1
159	29	8	0	1	1
159	30	9	1	0	1
160	46	3	1	0	1
160	551	4	0	1	1
160	552	5	1	1	1
160	192	6	1	0	1
160	177	7	0	0	1
161	553	3	0	0	1
161	554	4	0	0	1
161	555	5	0	1	1
161	145	6	1	0	1
161	226	7	0	1	1
161	411	8	1	0	1
161	412	9	0	1	1
161	96	10	1	0	1
162	553	3	0	0	1
162	556	4	0	0	1
162	349	5	0	1	1
162	30	6	1	0	1
163	553	3	0	0	1
163	557	4	0	0	1
163	558	5	0	0	1
163	559	6	0	0	1
163	560	7	0	1	1
163	561	8	1	0	1
164	115	3	0	0	1
164	562	4	0	1	1
164	355	5	1	1	1
164	176	6	1	0	1
164	177	7	0	0	1
165	115	3	0	0	1
165	563	4	0	0	1
165	564	5	0	0	1
165	565	6	0	1	1
165	566	7	1	0	1
166	115	3	0	0	1
166	567	4	0	1	1
166	568	5	1	1	1
166	569	6	1	0	1
167	118	3	0	0	1
168	570	3	0	1	1
168	571	4	1	0	1
168	572	5	0	0	1
168	132	6	0	1	1
168	133	7	1	0	1
169	118	3	0	0	1
169	573	4	0	0	1
169	574	5	0	0	1
169	575	6	0	0	1
170	118	3	0	0	1
170	119	4	0	1	1
170	120	5	1	0	1
170	576	6	0	0	1
170	213	7	0	0	1
170	220	8	0	1	1
170	463	9	1	0	1
171	118	3	0	0	1
171	119	4	0	1	1
171	124	5	1	0	1
172	118	3	0	0	1
172	577	4	0	0	1
172	578	5	0	1	1
172	579	6	1	0	1
173	580	3	0	0	1
173	581	4	0	0	1
173	582	5	0	0	1
173	183	6	0	0	1
173	184	7	0	0	1
173	583	8	0	0	1
174	125	3	0	0	1
174	584	4	0	1	1
174	585	5	1	0	1
174	586	6	0	1	1
174	30	7	1	0	1
175	125	3	0	0	1
175	126	4	0	0	1
175	587	5	0	0	1
175	144	6	0	1	1
175	442	7	1	0	1
176	125	3	0	0	1
176	126	4	0	0	1
176	587	5	0	0	1
176	144	6	0	1	1
176	463	7	1	0	1
177	125	3	0	0	1
177	493	4	0	1	1
177	588	5	1	0	1
178	589	3	0	1	1
178	590	4	1	0	1
178	591	5	0	0	1
178	592	6	0	1	1
178	593	7	1	0	1
179	125	3	0	0	1
179	132	4	0	1	1
179	133	5	1	0	1
180	125	3	0	0	1
180	132	4	0	1	1
180	594	5	1	0	1
181	125	3	0	0	1
181	132	4	0	1	1
181	594	5	1	0	1
181	394	6	0	1	1
181	96	7	1	0	1
182	125	3	0	0	1
182	595	4	0	1	1
182	596	5	1	0	1
183	135	3	0	0	1
183	136	4	0	0	1
183	1	5	0	0	1
183	9	6	0	0	1
183	137	7	0	1	1
183	579	8	1	0	1
184	135	3	0	0	1
184	136	4	0	0	1
184	1	5	0	0	1
184	9	6	0	0	1
184	137	7	0	1	1
184	409	8	1	0	1
184	597	9	0	0	1
184	598	10	0	0	1
184	599	11	0	1	1
184	411	12	1	0	1
185	135	3	0	0	1
185	600	4	0	0	1
185	390	5	0	1	1
185	601	6	1	0	1
185	602	7	0	1	1
185	411	8	1	0	1
186	135	3	0	0	1
186	600	4	0	0	1
186	603	5	0	0	1
186	604	6	0	1	1
186	585	7	1	0	1
187	605	3	0	0	1
187	513	4	0	1	1
187	96	5	1	0	1
188	606	3	0	0	1
188	607	4	0	0	1
188	608	5	0	0	1
188	609	6	0	1	1
188	171	7	1	0	1
189	610	3	0	0	1
189	611	4	0	0	1
189	612	5	0	1	1
189	613	6	1	1	1
189	614	7	1	0	1
190	615	3	0	0	1
190	616	4	0	0	1
190	617	5	0	1	1
190	442	6	1	0	1
191	139	3	0	0	1
191	618	4	0	0	1
192	139	3	0	0	1
192	618	4	0	0	1
192	273	5	0	0	1
193	57	3	0	0	1
193	619	4	0	0	1
193	620	5	0	0	1
193	58	6	0	1	1
193	302	7	1	1	1
193	303	8	1	0	1
194	621	3	0	0	1
194	622	4	0	1	1
194	623	5	1	0	1
194	624	6	0	1	1
194	30	7	1	0	1
195	621	3	0	0	1
195	625	4	0	0	1
195	612	5	0	1	1
195	579	6	1	0	1
196	626	3	0	1	1
196	627	4	1	0	1
197	146	3	0	0	1
197	147	4	0	0	1
197	197	5	0	0	1
198	146	3	0	0	1
198	147	4	0	0	1
198	628	5	0	0	1
198	629	6	0	0	1
198	412	7	0	1	1
198	302	8	1	1	1
198	17	9	1	0	1
199	630	3	0	0	1
199	631	4	0	0	1
199	632	5	0	1	1
199	633	6	1	0	1
200	151	3	0	0	1
200	634	4	0	1	1
200	635	5	1	0	1
200	502	6	0	1	1
200	636	7	1	0	1
201	151	3	0	0	1
201	634	4	0	1	1
201	637	5	1	0	1
202	151	3	0	0	1
202	152	4	0	0	1
202	292	5	0	1	1
202	165	6	1	0	1
203	151	3	0	0	1
203	152	4	0	0	1
203	291	5	0	0	1
203	638	6	0	1	1
203	96	7	1	0	1
204	639	3	1	0	1
205	639	3	1	0	1
205	640	4	0	1	1
205	96	5	1	0	1
206	154	3	0	0	1
206	155	4	0	1	1
206	156	5	1	0	1
207	154	3	0	0	1
207	155	4	0	1	1
207	641	5	1	0	1
208	154	3	0	0	1
208	642	4	0	0	1
208	643	5	0	0	1
208	341	6	0	0	1
208	644	7	0	0	1
208	548	8	0	0	1
208	301	9	0	1	1
208	96	10	1	0	1
209	645	3	0	0	1
209	646	4	0	0	1
209	647	5	0	0	1
209	648	6	0	0	1
210	645	3	0	0	1
210	646	4	0	0	1
210	649	5	0	0	1
210	650	6	0	0	1
211	162	3	0	0	1
211	244	4	0	1	1
211	475	5	1	0	1
212	162	3	0	0	1
212	163	4	0	0	1
212	164	5	0	1	1
212	165	6	1	0	1
213	162	3	0	0	1
213	244	4	0	1	1
213	651	5	1	0	1
214	652	3	0	0	1
214	653	4	0	1	1
214	636	5	1	0	1
215	654	3	0	0	1
215	655	4	0	0	1
215	656	5	0	1	1
215	657	6	1	0	1
216	658	3	0	0	1
216	659	4	0	0	1
216	331	5	0	0	1
216	660	6	0	0	1
216	661	7	0	0	1
216	662	8	0	1	1
216	641	9	1	0	1
217	173	3	0	0	1
217	663	4	0	1	1
217	664	5	1	0	1
217	665	6	0	1	1
217	96	7	1	0	1
218	173	3	0	0	1
218	666	4	0	1	1
218	667	5	1	0	1
219	178	3	0	0	1
219	668	4	0	0	1
219	669	5	0	0	1
219	117	6	0	0	1
219	670	7	0	1	1
219	406	8	1	0	1
220	183	3	0	0	1
220	184	4	0	0	1
220	185	5	0	1	1
220	671	6	1	0	1
221	183	3	0	0	1
221	184	4	0	0	1
221	185	5	0	1	1
221	633	6	1	0	1
222	187	3	0	0	1
222	462	4	0	0	1
222	672	5	0	1	1
222	21	6	1	1	1
222	433	7	1	0	1
222	177	8	0	0	1
223	187	3	0	0	1
223	462	4	0	0	1
223	672	5	0	1	1
223	46	6	1	0	1
224	187	3	0	0	1
224	462	4	0	0	1
224	219	5	0	0	1
224	213	6	0	0	1
224	673	7	0	0	1
224	260	8	0	0	1
224	198	9	0	0	1
224	199	10	0	1	1
224	362	11	1	0	1
224	674	12	0	0	1
224	286	13	0	0	1
225	187	3	0	0	1
225	462	4	0	0	1
225	144	5	0	1	1
225	442	6	1	0	1
226	187	3	0	0	1
226	462	4	0	0	1
226	144	5	0	1	1
226	463	6	1	0	1
227	187	3	0	0	1
227	462	4	0	0	1
227	272	5	0	0	1
227	343	6	0	0	1
227	675	7	0	0	1
227	126	8	0	0	1
227	14	9	0	0	1
227	15	10	0	1	1
227	300	11	1	0	1
228	187	3	0	0	1
228	462	4	0	0	1
228	676	5	0	0	1
228	122	6	0	0	1
228	123	7	0	0	1
228	653	8	0	1	1
228	636	9	1	0	1
229	187	3	0	0	1
229	188	4	0	0	1
230	187	3	0	0	1
230	188	4	0	0	1
230	97	5	0	1	1
230	350	6	1	0	1
231	187	3	0	0	1
231	188	4	0	0	1
231	97	5	0	1	1
231	30	6	1	0	1
232	187	3	0	0	1
232	193	4	0	0	1
232	677	5	0	1	1
232	678	6	1	0	1
232	279	7	0	0	1
232	598	8	0	0	1
232	599	9	0	1	1
232	411	10	1	0	1
233	187	3	0	0	1
233	499	4	0	0	1
233	679	5	0	0	1
233	680	6	0	1	1
233	352	7	1	0	1
233	349	8	0	1	1
233	30	9	1	0	1
234	681	3	0	0	1
234	682	4	0	0	1
234	125	5	0	0	1
234	683	6	0	1	1
234	300	7	1	0	1
235	208	3	0	1	1
235	209	4	1	0	1
235	28	5	0	0	1
235	551	6	0	1	1
235	684	7	1	1	1
235	685	8	1	0	1
236	208	3	0	1	1
236	209	4	1	0	1
236	570	5	0	1	1
236	686	6	1	0	1
236	35	7	0	0	1
237	208	3	0	1	1
237	209	4	1	0	1
237	118	5	0	0	1
237	119	6	0	1	1
237	241	7	1	0	1
238	208	3	0	1	1
238	209	4	1	0	1
238	570	5	0	1	1
238	687	6	1	0	1
238	688	7	0	0	1
238	689	8	0	0	1
238	690	9	0	0	1
238	95	10	0	1	1
238	302	11	1	1	1
238	17	12	1	0	1
239	208	3	0	1	1
239	691	4	1	0	1
239	135	5	0	0	1
239	136	6	0	0	1
239	1	7	0	0	1
239	9	8	0	0	1
239	137	9	0	1	1
239	409	10	1	0	1
1	692	4	0	1	1
1	693	5	1	0	1
2	694	4	1	0	1
2	695	5	0	1	1
2	696	6	1	0	1
2	697	7	0	0	1
2	698	8	0	0	1
2	699	9	0	0	1
2	700	10	0	0	1
2	701	11	0	0	1
2	702	12	0	0	1
2	703	13	0	0	1
2	704	14	0	1	1
2	705	15	1	1	1
2	706	16	1	0	1
3	694	4	1	0	1
3	695	5	0	1	1
3	696	6	1	0	1
3	707	7	0	0	1
3	708	8	0	0	1
3	709	9	0	0	1
4	694	4	1	0	1
4	695	5	0	1	1
4	710	6	1	0	1
4	711	7	0	0	1
4	712	8	0	0	1
4	713	9	0	0	1
4	714	10	0	1	1
4	715	11	1	0	1
5	694	4	1	0	1
5	716	5	0	0	1
5	717	6	0	1	1
5	718	7	1	0	1
6	694	4	1	0	1
6	695	5	0	1	1
6	719	6	1	0	1
6	720	7	0	0	1
6	721	8	0	1	1
6	722	9	1	0	1
6	723	10	0	0	1
7	694	4	1	0	1
7	695	5	0	1	1
7	719	6	1	0	1
7	724	7	0	1	1
7	725	8	1	0	1
7	726	9	0	0	1
7	727	10	0	1	1
7	728	11	1	0	1
8	694	4	1	0	1
8	695	5	0	1	1
8	729	6	1	1	1
8	730	7	1	0	1
8	731	8	0	0	1
8	732	9	0	0	1
9	733	4	1	1	1
9	734	5	1	0	1
9	735	6	0	0	1
9	736	7	0	0	1
9	737	8	0	0	1
9	738	9	0	0	1
9	739	10	0	1	1
9	740	11	1	0	1
10	694	4	1	0	1
10	695	5	0	1	1
10	741	6	1	0	1
10	742	7	0	0	1
10	743	8	0	1	1
10	744	9	1	0	1
10	745	10	0	0	1
10	746	11	0	1	1
10	747	12	1	0	1
11	694	4	1	0	1
11	695	5	0	1	1
11	741	6	1	0	1
11	742	7	0	0	1
11	743	8	0	1	1
11	748	9	1	0	1
11	749	10	0	0	1
12	694	4	1	0	1
12	695	5	0	1	1
12	741	6	1	0	1
12	750	7	0	1	1
12	751	8	1	0	1
12	752	9	0	1	1
12	753	10	1	0	1
13	694	4	1	0	1
13	695	5	0	1	1
13	741	6	1	0	1
13	742	7	0	0	1
13	754	8	0	1	1
13	755	9	1	0	1
13	756	10	0	0	1
13	757	11	0	0	1
14	694	4	1	0	1
14	695	5	0	1	1
14	758	6	1	1	1
14	759	7	1	1	1
14	760	8	1	1	1
14	761	9	1	0	1
14	762	10	0	0	1
14	763	11	0	0	1
14	764	12	0	0	1
14	765	13	0	0	1
15	694	4	1	0	1
15	695	5	0	1	1
15	766	6	1	0	1
15	767	7	0	1	1
15	768	8	1	1	1
15	769	9	1	0	1
15	770	10	0	1	1
15	771	11	1	0	1
15	772	12	0	0	1
15	773	13	0	0	1
16	694	4	1	0	1
16	695	5	0	1	1
16	766	6	1	0	1
16	774	7	0	0	1
16	775	8	0	0	1
16	776	9	0	1	1
16	777	10	1	0	1
17	694	4	1	0	1
17	695	5	0	1	1
17	778	6	1	0	1
17	779	7	0	0	1
17	780	8	0	0	1
17	781	9	0	0	1
17	782	10	0	0	1
17	783	11	0	0	1
17	784	12	0	1	1
17	785	13	1	0	1
17	786	14	0	1	1
17	787	15	1	0	1
17	788	16	0	1	1
17	740	17	1	0	1
18	694	4	1	0	1
18	695	5	0	1	1
18	789	6	1	0	1
18	790	7	0	1	1
18	791	8	1	0	1
18	792	9	0	0	1
18	793	10	0	0	1
18	794	11	0	0	1
18	795	12	0	0	1
18	796	13	0	1	1
18	797	14	1	0	1
18	798	15	0	1	1
18	799	16	1	0	1
19	694	4	1	0	1
19	695	5	0	1	1
19	800	6	1	0	1
19	801	7	0	1	1
19	802	8	1	0	1
19	803	9	0	1	1
19	804	10	1	0	1
19	805	11	0	1	1
19	806	12	1	0	1
20	694	4	1	0	1
20	807	5	0	0	1
20	808	6	0	0	1
20	809	7	0	0	1
21	694	4	1	0	1
21	810	5	0	0	1
21	811	6	0	1	1
21	812	7	1	0	1
22	694	4	1	0	1
22	810	5	0	0	1
22	811	6	0	1	1
22	812	7	1	0	1
22	813	8	0	0	1
22	814	9	0	0	1
22	815	10	0	0	1
23	694	4	1	0	1
23	810	5	0	0	1
23	811	6	0	1	1
23	816	7	1	0	1
24	694	4	1	0	1
24	817	5	0	0	1
24	818	6	0	0	1
24	819	7	0	1	1
24	820	8	1	1	1
24	821	9	1	1	1
24	822	10	1	0	1
24	823	11	0	0	1
25	694	4	1	0	1
25	817	5	0	0	1
25	824	6	0	1	1
25	825	7	1	0	1
26	826	4	1	0	1
26	827	5	0	0	1
26	828	6	0	0	1
26	829	7	0	0	1
26	830	8	0	0	1
26	831	9	0	1	1
26	832	10	1	0	1
27	833	4	1	0	1
27	834	5	0	0	1
27	835	6	0	0	1
27	836	7	0	0	1
28	833	4	1	0	1
28	837	5	0	0	1
28	838	6	0	0	1
28	839	7	0	1	1
28	840	8	1	0	1
29	833	4	1	0	1
29	841	5	0	0	1
29	842	6	0	0	1
29	843	7	0	1	1
29	844	8	1	0	1
30	845	4	1	0	1
30	846	5	0	0	1
30	847	6	0	0	1
30	848	7	0	0	1
31	845	4	1	0	1
31	849	5	0	0	1
31	850	6	0	1	1
31	851	7	1	0	1
32	845	4	1	0	1
32	852	5	0	0	1
33	845	4	1	0	1
33	853	5	0	1	1
33	854	6	1	1	1
33	855	7	1	0	1
33	856	8	0	0	1
33	857	9	0	0	1
33	780	10	0	0	1
34	845	4	1	0	1
34	858	5	0	0	1
34	859	6	0	0	1
34	860	7	0	1	1
34	861	8	1	0	1
35	845	4	1	0	1
35	858	5	0	0	1
35	859	6	0	0	1
35	860	7	0	1	1
35	862	8	1	0	1
36	845	4	1	0	1
36	858	5	0	0	1
36	859	6	0	0	1
36	860	7	0	1	1
36	862	8	1	0	1
36	863	9	0	1	1
36	864	10	1	0	1
37	845	4	1	0	1
37	858	5	0	0	1
37	865	6	0	0	1
37	866	7	0	1	1
37	867	8	1	0	1
38	868	4	1	0	1
38	869	5	0	0	1
38	870	6	0	1	1
38	871	7	1	1	1
38	872	8	1	0	1
38	873	9	0	0	1
39	868	4	1	0	1
39	874	5	0	0	1
39	875	6	0	0	1
39	876	7	0	1	1
39	877	8	1	0	1
40	878	4	1	0	1
40	879	5	0	0	1
40	880	6	0	0	1
40	881	7	0	1	1
40	882	8	1	0	1
41	878	4	1	0	1
41	883	5	0	0	1
41	884	6	0	0	1
42	878	4	1	0	1
42	883	5	0	0	1
42	885	6	0	0	1
42	886	7	0	0	1
42	887	8	0	1	1
42	888	9	1	1	1
42	889	10	1	0	1
42	890	11	0	0	1
43	878	4	1	0	1
43	883	5	0	0	1
43	891	6	0	0	1
43	892	7	0	0	1
43	893	8	0	0	1
44	878	4	1	0	1
44	883	5	0	0	1
44	891	6	0	0	1
44	894	7	0	0	1
44	895	8	0	0	1
44	896	9	0	0	1
44	897	10	0	1	1
44	898	11	1	0	1
45	878	4	1	0	1
45	899	5	0	0	1
45	900	6	0	0	1
45	901	7	0	0	1
45	902	8	0	0	1
45	903	9	0	0	1
45	904	10	0	1	1
45	905	11	1	0	1
45	906	12	0	1	1
45	799	13	1	0	1
46	907	4	1	0	1
46	908	5	0	1	1
46	909	6	1	0	1
46	910	7	0	0	1
46	911	8	0	0	1
46	912	9	0	1	1
46	913	10	1	1	1
46	914	11	1	0	1
47	907	4	1	0	1
47	915	5	0	0	1
47	916	6	0	0	1
47	917	7	0	0	1
48	907	4	1	0	1
48	908	5	0	1	1
48	918	6	1	0	1
48	919	7	0	0	1
48	920	8	0	0	1
48	921	9	0	1	1
48	922	10	1	0	1
48	923	11	0	0	1
48	924	12	0	0	1
48	925	13	0	1	1
48	926	14	1	0	1
49	907	4	1	0	1
49	927	5	0	0	1
50	907	4	1	0	1
50	928	5	0	0	1
50	929	6	0	0	1
50	930	7	0	0	1
50	931	8	0	1	1
50	932	9	1	0	1
50	933	10	0	1	1
50	934	11	1	0	1
50	935	12	0	1	1
50	936	13	1	1	1
50	937	14	1	0	1
50	938	15	0	0	1
51	907	4	1	0	1
51	928	5	0	0	1
51	929	6	0	0	1
51	930	7	0	0	1
51	931	8	0	1	1
51	939	9	1	1	1
51	940	10	1	0	1
52	907	4	1	0	1
52	928	5	0	0	1
52	929	6	0	0	1
52	941	7	0	1	1
52	942	8	1	1	1
52	943	9	1	0	1
53	907	4	1	0	1
53	928	5	0	0	1
53	944	6	0	0	1
53	945	7	0	0	1
53	946	8	0	0	1
54	907	4	1	0	1
54	928	5	0	0	1
54	947	6	0	0	1
54	948	7	0	0	1
54	949	8	0	0	1
54	950	9	0	0	1
54	951	10	0	0	1
54	952	11	0	0	1
54	953	12	0	0	1
55	907	4	1	0	1
55	954	5	0	1	1
55	955	6	1	0	1
55	956	7	0	0	1
56	907	4	1	0	1
56	954	5	0	1	1
56	955	6	1	0	1
56	956	7	0	0	1
56	957	8	0	1	1
56	958	9	1	0	1
57	907	4	1	0	1
57	954	5	0	1	1
57	959	6	1	0	1
57	960	7	0	0	1
57	961	8	0	1	1
57	962	9	1	0	1
58	907	4	1	0	1
58	963	5	0	0	1
58	964	6	0	1	1
58	965	7	1	0	1
58	966	8	0	0	1
58	967	9	0	0	1
58	946	10	0	0	1
58	968	11	0	0	1
58	969	12	0	0	1
58	970	13	0	0	1
58	971	14	0	0	1
59	907	4	1	0	1
59	963	5	0	0	1
59	964	6	0	1	1
59	972	7	1	0	1
59	973	8	0	0	1
59	974	9	0	0	1
59	975	10	0	0	1
59	976	11	0	0	1
59	977	12	0	0	1
59	978	13	0	0	1
59	979	14	0	0	1
60	907	4	1	0	1
60	963	5	0	0	1
60	964	6	0	1	1
60	980	7	1	0	1
60	981	8	0	0	1
60	982	9	0	0	1
60	983	10	0	0	1
60	984	11	0	0	1
60	985	12	0	0	1
60	986	13	0	0	1
61	907	4	1	0	1
61	987	5	0	1	1
61	988	6	1	0	1
61	726	7	0	0	1
61	727	8	0	1	1
61	797	9	1	0	1
61	989	10	0	1	1
61	990	11	1	0	1
62	991	4	1	0	1
62	992	5	0	0	1
62	993	6	0	0	1
62	994	7	0	0	1
63	991	4	1	0	1
63	992	5	0	0	1
63	995	6	0	0	1
63	996	7	0	0	1
63	997	8	0	0	1
64	991	4	1	0	1
64	998	5	0	0	1
64	999	6	0	0	1
64	1000	7	0	1	1
64	1001	8	1	0	1
65	991	4	1	0	1
65	998	5	0	0	1
65	1002	6	0	0	1
65	1003	7	0	0	1
66	1004	4	1	1	1
66	1005	5	1	0	1
66	1006	6	0	0	1
66	732	7	0	0	1
67	1004	4	1	1	1
67	1007	5	1	0	1
67	1008	6	0	0	1
67	1009	7	0	0	1
67	1000	8	0	1	1
67	1010	9	1	0	1
67	1011	10	0	0	1
67	1012	11	0	0	1
68	1013	4	1	0	1
68	1014	5	0	0	1
68	1015	6	0	0	1
68	1016	7	0	0	1
68	1017	8	0	0	1
69	830	4	0	0	1
69	1018	5	0	1	1
69	1019	6	1	1	1
69	1020	7	1	0	1
69	1021	8	0	0	1
70	1013	4	1	0	1
70	1022	5	0	0	1
70	1023	6	0	1	1
70	1024	7	1	0	1
70	1025	8	0	0	1
70	811	9	0	1	1
70	958	10	1	0	1
71	1013	4	1	0	1
71	1022	5	0	0	1
71	1023	6	0	1	1
71	1026	7	1	0	1
71	1027	8	0	0	1
71	1028	9	0	0	1
71	1029	10	0	0	1
72	1013	4	1	0	1
72	1022	5	0	0	1
72	1023	6	0	1	1
72	1026	7	1	0	1
72	1030	8	0	0	1
72	944	9	0	0	1
72	1031	10	0	1	1
72	1032	11	1	0	1
72	1033	12	0	1	1
72	1034	13	1	1	1
72	1035	14	1	0	1
73	1013	4	1	0	1
73	1022	5	0	0	1
73	1023	6	0	1	1
73	1036	7	1	0	1
73	1037	8	0	0	1
73	1038	9	0	1	1
73	840	10	1	0	1
74	1013	4	1	0	1
74	1022	5	0	0	1
74	1023	6	0	1	1
74	1039	7	1	0	1
74	1040	8	0	0	1
74	1041	9	0	0	1
74	1042	10	0	1	1
74	1043	11	1	0	1
75	1013	4	1	0	1
75	1022	5	0	0	1
75	1023	6	0	1	1
75	748	7	1	0	1
75	749	8	0	0	1
76	1013	4	1	0	1
76	1022	5	0	0	1
76	1023	6	0	1	1
76	1044	7	1	0	1
76	1045	8	0	0	1
76	1046	9	0	0	1
76	1047	10	0	0	1
76	1048	11	0	1	1
76	1049	12	1	0	1
77	1013	4	1	0	1
77	1022	5	0	0	1
77	1023	6	0	1	1
77	1050	7	1	1	1
77	1051	8	1	0	1
77	1052	9	0	0	1
77	1053	10	0	0	1
78	1013	4	1	0	1
78	1022	5	0	0	1
78	1023	6	0	1	1
78	1054	7	1	0	1
78	1055	8	0	0	1
78	1056	9	0	0	1
78	1057	10	0	0	1
78	1058	11	0	0	1
79	1013	4	1	0	1
79	1022	5	0	0	1
79	1023	6	0	1	1
79	1054	7	1	0	1
79	1055	8	0	0	1
79	1059	9	0	1	1
79	1060	10	1	0	1
80	1013	4	1	0	1
80	831	5	0	1	1
80	832	6	1	0	1
80	752	7	0	1	1
80	753	8	1	0	1
80	1061	9	0	1	1
80	1062	10	1	0	1
81	1013	4	1	0	1
81	1022	5	0	0	1
81	1063	6	0	1	1
81	1064	7	1	0	1
81	1065	8	0	1	1
81	1066	9	1	0	1
81	1067	10	0	1	1
81	1068	11	1	0	1
81	1069	12	0	0	1
81	700	13	0	0	1
81	1070	14	0	0	1
82	1013	4	1	0	1
82	1022	5	0	0	1
82	1058	6	0	0	1
82	1071	7	0	1	1
82	1072	8	1	0	1
83	1013	4	1	0	1
83	1073	5	0	0	1
83	1074	6	0	0	1
83	1075	7	0	0	1
83	1076	8	0	0	1
84	1013	4	1	0	1
84	1077	5	0	0	1
84	1078	6	0	1	1
84	1079	7	1	1	1
84	1080	8	1	1	1
84	694	9	1	0	1
84	1081	10	0	1	1
84	1013	11	1	0	1
84	1077	12	0	0	1
84	1082	13	0	0	1
85	1013	4	1	0	1
85	1077	5	0	0	1
85	1082	6	0	0	1
86	1013	4	1	0	1
86	1077	5	0	0	1
86	1083	6	0	0	1
86	1084	7	0	0	1
86	1085	8	0	0	1
86	1086	9	0	0	1
87	1013	4	1	0	1
87	1087	5	0	0	1
87	1088	6	0	0	1
88	1089	4	1	0	1
88	1090	5	0	0	1
88	997	6	0	0	1
88	1091	7	0	0	1
88	1092	8	0	0	1
88	1093	9	0	0	1
88	1094	10	0	0	1
88	809	11	0	0	1
89	1089	4	1	0	1
89	1090	5	0	0	1
89	997	6	0	0	1
89	1095	7	0	0	1
89	1096	8	0	0	1
89	1097	9	0	0	1
90	1089	4	1	0	1
90	1090	5	0	0	1
90	997	6	0	0	1
90	1098	7	0	0	1
90	1099	8	0	1	1
90	1100	9	1	0	1
91	1089	4	1	0	1
91	1090	5	0	0	1
91	997	6	0	0	1
91	1098	7	0	0	1
91	1099	8	0	1	1
91	1100	9	1	0	1
91	1101	10	0	1	1
91	1102	11	1	0	1
92	1089	4	1	0	1
92	1103	5	0	1	1
92	1104	6	1	0	1
93	1089	4	1	0	1
93	1090	5	0	0	1
93	1105	6	0	0	1
93	1106	7	0	1	1
93	1107	8	1	1	1
93	1108	9	1	0	1
93	873	10	0	0	1
94	1089	4	1	0	1
94	1090	5	0	0	1
94	1109	6	0	0	1
94	1110	7	0	1	1
94	1111	8	1	0	1
95	1112	4	1	0	1
95	1113	5	0	0	1
95	1114	6	0	0	1
95	1115	7	0	1	1
95	1116	8	1	0	1
96	1112	4	1	0	1
96	1117	5	0	0	1
96	1118	6	0	0	1
96	1119	7	0	1	1
96	1120	8	1	0	1
96	1121	9	0	1	1
96	1122	10	1	0	1
97	1112	4	1	0	1
97	1117	5	0	0	1
97	1118	6	0	0	1
97	1123	7	0	1	1
97	1124	8	1	1	1
97	1125	9	1	0	1
98	1126	4	1	0	1
98	1127	5	0	1	1
98	1128	6	1	0	1
98	1129	7	0	0	1
98	884	8	0	0	1
98	1130	9	0	1	1
98	1131	10	1	0	1
99	1126	4	1	0	1
99	1127	5	0	1	1
99	1132	6	1	0	1
99	1133	7	0	0	1
99	997	8	0	0	1
99	1098	9	0	0	1
99	1099	10	0	1	1
99	1100	11	1	0	1
99	1101	12	0	1	1
99	1134	13	1	0	1
99	1135	14	0	0	1
99	1136	15	0	0	1
100	1126	4	1	0	1
100	1127	5	0	1	1
100	1137	6	1	0	1
100	1138	7	0	0	1
100	1139	8	0	0	1
100	1140	9	0	1	1
100	1141	10	1	1	1
100	1142	11	1	0	1
100	1143	12	0	0	1
101	1126	4	1	0	1
101	1144	5	0	0	1
101	1145	6	0	0	1
101	794	7	0	0	1
101	795	8	0	0	1
101	796	9	0	1	1
101	728	10	1	0	1
102	1126	4	1	0	1
102	1146	5	0	1	1
102	1147	6	1	0	1
102	1148	7	0	1	1
102	1149	8	1	0	1
102	1150	9	0	1	1
102	1151	10	1	0	1
102	1152	11	0	0	1
102	1153	12	0	0	1
102	1154	13	0	1	1
102	1155	14	1	0	1
103	1126	4	1	0	1
103	1156	5	0	0	1
103	1157	6	0	0	1
104	1126	4	1	0	1
104	1158	5	0	1	1
104	1159	6	1	0	1
104	1160	7	0	0	1
104	1161	8	0	0	1
105	1126	4	1	0	1
105	1156	5	0	0	1
105	1157	6	0	0	1
105	1162	7	0	0	1
105	1163	8	0	0	1
105	1164	9	0	1	1
105	1165	10	1	0	1
106	1126	4	1	0	1
106	1156	5	0	0	1
106	1166	6	0	0	1
106	1167	7	0	1	1
106	1168	8	1	0	1
107	1126	4	1	0	1
107	1169	5	0	1	1
107	1170	6	1	0	1
107	1171	7	0	0	1
107	1172	8	0	0	1
107	945	9	0	0	1
107	946	10	0	0	1
107	1173	11	0	1	1
107	1174	12	1	1	1
107	1175	13	1	0	1
107	1176	14	0	0	1
108	1126	4	1	0	1
108	1177	5	0	0	1
108	1178	6	0	1	1
108	1179	7	1	0	1
109	1180	4	1	0	1
109	1181	5	0	1	1
109	1100	6	1	0	1
110	1180	4	1	0	1
110	1182	5	0	0	1
110	1183	6	0	0	1
110	1184	7	0	0	1
110	1185	8	0	1	1
110	1186	9	1	0	1
110	1187	10	0	1	1
110	1188	11	1	0	1
110	1189	12	0	1	1
110	1190	13	1	0	1
111	1180	4	1	0	1
111	1182	5	0	0	1
111	1191	6	0	0	1
112	1180	4	1	0	1
112	1182	5	0	0	1
112	903	6	0	0	1
112	1192	7	0	0	1
112	1193	8	0	1	1
112	1194	9	1	0	1
112	1195	10	0	1	1
112	1196	11	1	0	1
113	1180	4	1	0	1
113	1182	5	0	0	1
113	903	6	0	0	1
113	1192	7	0	0	1
113	1197	8	0	1	1
113	1198	9	1	1	1
113	1199	10	1	0	1
114	1180	4	1	0	1
114	1182	5	0	0	1
114	1200	6	0	0	1
114	1201	7	0	0	1
114	1202	8	0	1	1
114	1203	9	1	0	1
115	1204	4	1	0	1
115	1205	5	0	0	1
115	1206	6	0	0	1
115	1207	7	0	0	1
115	1208	8	0	0	1
115	1209	9	0	1	1
115	1210	10	1	0	1
115	1211	11	0	1	1
115	1212	12	1	1	1
115	1213	13	1	0	1
115	873	14	0	0	1
116	1204	4	1	0	1
116	1205	5	0	0	1
116	1214	6	0	1	1
116	1215	7	1	0	1
117	1216	4	1	1	1
117	1217	5	1	0	1
118	1218	4	1	1	1
118	1219	5	1	0	1
119	1218	4	1	1	1
119	1219	5	1	0	1
119	1052	6	0	0	1
119	1053	7	0	0	1
120	1220	4	1	0	1
120	1221	5	0	1	1
120	1222	6	1	0	1
120	1223	7	0	1	1
120	1224	8	1	1	1
120	1225	9	1	0	1
120	873	10	0	0	1
121	1220	4	1	0	1
121	1221	5	0	1	1
121	1226	6	1	0	1
121	1227	7	0	0	1
121	1172	8	0	0	1
121	945	9	0	0	1
121	946	10	0	0	1
121	1173	11	0	1	1
121	1174	12	1	1	1
121	1175	13	1	0	1
121	1176	14	0	0	1
122	1220	4	1	0	1
122	1228	5	0	1	1
122	1229	6	1	0	1
122	1230	7	0	0	1
122	1231	8	0	0	1
122	839	9	0	1	1
122	1232	10	1	0	1
123	1220	4	1	0	1
123	1228	5	0	1	1
123	1233	6	1	0	1
123	1234	7	0	0	1
123	1235	8	0	1	1
123	1236	9	1	0	1
124	1237	4	1	0	1
124	1238	5	0	0	1
124	1239	6	0	1	1
124	1240	7	1	0	1
125	1237	4	1	0	1
125	1238	5	0	0	1
125	1239	6	0	1	1
125	1241	7	1	0	1
126	1242	4	1	1	1
126	1243	5	1	0	1
126	1244	6	0	0	1
126	1245	7	0	1	1
126	1246	8	1	1	1
126	889	9	1	0	1
126	890	10	0	0	1
127	1242	4	1	1	1
127	1243	5	1	0	1
127	1244	6	0	0	1
127	1245	7	0	1	1
127	797	8	1	0	1
128	1247	4	0	0	1
128	1248	5	0	0	1
129	1237	4	1	0	1
129	1249	5	0	1	1
129	1250	6	1	0	1
129	1251	7	0	0	1
129	1252	8	0	1	1
129	1253	9	1	1	1
129	1254	10	1	0	1
129	1255	11	0	0	1
130	1237	4	1	0	1
130	1249	5	0	1	1
130	1250	6	1	0	1
130	1256	7	0	0	1
130	1257	8	0	1	1
130	1258	9	1	1	1
130	1259	10	1	0	1
130	938	11	0	0	1
131	1237	4	1	0	1
131	1249	5	0	1	1
131	1260	6	1	0	1
131	1261	7	0	0	1
131	1262	8	0	0	1
131	1263	9	0	1	1
131	1264	10	1	0	1
131	1265	11	0	1	1
131	1266	12	1	0	1
132	1237	4	1	0	1
132	1249	5	0	1	1
132	1267	6	1	0	1
132	1268	7	0	0	1
132	1269	8	0	0	1
132	1098	9	0	0	1
132	1099	10	0	1	1
132	1270	11	1	0	1
133	1237	4	1	0	1
133	1249	5	0	1	1
133	1267	6	1	0	1
133	1268	7	0	0	1
133	1271	8	0	0	1
133	1272	9	0	0	1
133	1273	10	0	1	1
133	1274	11	1	0	1
134	1275	4	0	1	1
134	1276	5	1	0	1
134	1061	6	0	1	1
134	1277	7	1	1	1
134	1278	8	1	0	1
134	1279	9	0	0	1
135	1237	4	1	0	1
135	1280	5	0	1	1
135	1281	6	1	0	1
135	1282	7	0	0	1
135	1283	8	0	1	1
135	1284	9	1	0	1
136	1237	4	1	0	1
136	1280	5	0	1	1
136	1285	6	1	0	1
136	803	7	0	1	1
136	1286	8	1	0	1
136	1287	9	0	0	1
136	1288	10	0	0	1
136	1289	11	0	0	1
136	1290	12	0	1	1
136	1291	13	1	0	1
136	1292	14	0	1	1
136	1293	15	1	0	1
137	1237	4	1	0	1
137	1280	5	0	1	1
137	1294	6	1	0	1
137	1295	7	0	0	1
137	1296	8	0	0	1
137	1184	9	0	0	1
137	1185	10	0	1	1
137	751	11	1	0	1
138	1237	4	1	0	1
138	1297	5	0	1	1
138	1298	6	1	0	1
138	1299	7	0	1	1
138	1300	8	1	0	1
138	1301	9	0	0	1
138	1302	10	0	0	1
138	1263	11	0	1	1
138	1232	12	1	0	1
140	696	4	1	0	1
140	1303	5	0	1	1
140	1304	6	1	0	1
140	724	7	0	1	1
140	725	8	1	0	1
140	726	9	0	0	1
140	727	10	0	1	1
140	728	11	1	0	1
141	696	4	1	0	1
141	1303	5	0	1	1
141	1305	6	1	0	1
141	742	7	0	0	1
141	743	8	0	1	1
141	1306	9	1	0	1
141	1307	10	0	0	1
141	1118	11	0	0	1
141	1119	12	0	1	1
141	1120	13	1	0	1
142	696	4	1	0	1
142	1303	5	0	1	1
142	1308	6	1	0	1
142	1309	7	0	1	1
142	1310	8	1	0	1
142	1311	9	0	0	1
142	1312	10	0	0	1
142	1207	11	0	0	1
142	1208	12	0	0	1
142	1209	13	0	1	1
142	1210	14	1	0	1
142	1211	15	0	1	1
142	785	16	1	0	1
143	696	4	1	0	1
143	707	5	0	0	1
143	1313	6	0	1	1
143	1314	7	1	0	1
144	1315	4	1	0	1
144	1316	5	0	0	1
144	1317	6	0	0	1
144	860	7	0	1	1
144	862	8	1	0	1
144	863	9	0	1	1
144	864	10	1	0	1
145	1318	4	0	0	1
145	1319	5	0	0	1
145	1320	6	0	0	1
145	1321	7	0	1	1
145	1322	8	1	0	1
145	1323	9	0	1	1
145	1324	10	1	0	1
146	719	4	1	0	1
146	1325	5	0	0	1
146	1326	6	0	0	1
146	917	7	0	0	1
147	717	4	0	1	1
147	718	5	1	0	1
148	1327	4	0	0	1
148	1328	5	0	0	1
148	1329	6	0	0	1
148	1330	7	0	0	1
148	1331	8	0	1	1
148	1332	9	1	0	1
149	719	4	1	0	1
149	1333	5	0	1	1
149	1334	6	1	0	1
149	1335	7	0	0	1
149	1336	8	0	1	1
149	1337	9	1	0	1
150	1338	4	1	0	1
150	1339	5	0	0	1
150	1340	6	0	0	1
150	1341	7	0	0	1
150	1342	8	0	0	1
151	1338	4	1	0	1
151	1343	5	0	0	1
151	1344	6	0	0	1
151	1345	7	0	0	1
151	1346	8	0	0	1
152	729	4	1	1	1
152	1347	5	1	0	1
152	1348	6	0	0	1
152	1349	7	0	0	1
152	1350	8	0	1	1
152	1351	9	1	0	1
153	1352	4	1	0	1
153	1353	5	0	0	1
153	1354	6	0	0	1
153	1355	7	0	0	1
153	1356	8	0	0	1
154	1357	4	0	0	1
154	742	5	0	0	1
154	1358	6	0	0	1
154	1359	7	0	0	1
154	1360	8	0	0	1
154	1361	9	0	1	1
154	1362	10	1	0	1
155	741	4	1	0	1
155	1363	5	0	0	1
155	1364	6	0	0	1
155	1365	7	0	0	1
155	1366	8	0	0	1
156	766	4	1	0	1
156	1367	5	0	0	1
157	766	4	1	0	1
157	767	5	0	1	1
157	1368	6	1	0	1
157	1369	7	0	0	1
157	1370	8	0	0	1
157	1371	9	0	0	1
158	766	4	1	0	1
158	767	5	0	1	1
158	1372	6	1	0	1
158	1373	7	0	1	1
158	1374	8	1	0	1
158	1375	9	0	0	1
158	1376	10	0	0	1
158	1377	11	0	0	1
158	1378	12	0	0	1
158	1379	13	0	0	1
159	766	4	1	0	1
159	1380	5	0	1	1
159	1381	6	1	0	1
159	1382	7	0	0	1
159	1383	8	0	1	1
159	718	9	1	0	1
160	1384	4	0	1	1
160	1385	5	1	1	1
160	1386	6	1	0	1
160	890	7	0	0	1
161	1387	4	0	0	1
161	1388	5	0	1	1
161	1389	6	1	0	1
161	1390	7	0	1	1
161	1391	8	1	0	1
161	1189	9	0	1	1
161	1190	10	1	0	1
162	1392	4	0	0	1
162	1393	5	0	1	1
162	1394	6	1	0	1
163	1395	4	0	0	1
163	1396	5	0	0	1
163	1397	6	0	0	1
163	1398	7	0	1	1
163	1399	8	1	0	1
164	1400	4	0	1	1
164	1401	5	1	1	1
164	1108	6	1	0	1
164	873	7	0	0	1
165	1402	4	0	0	1
165	1403	5	0	0	1
165	1404	6	0	1	1
165	1405	7	1	0	1
166	1406	4	0	1	1
166	1407	5	1	1	1
166	1408	6	1	0	1
168	1409	4	1	0	1
168	1410	5	0	0	1
168	1411	6	0	1	1
168	825	7	1	0	1
169	1412	4	0	0	1
169	1413	5	0	0	1
169	1414	6	0	0	1
170	811	4	0	1	1
170	812	5	1	0	1
170	1415	6	0	0	1
170	1416	7	0	0	1
170	925	8	0	1	1
170	1417	9	1	0	1
171	811	4	0	1	1
171	816	5	1	0	1
172	1418	4	0	0	1
172	1419	5	0	1	1
172	1420	6	1	0	1
173	1421	4	0	0	1
173	1422	5	0	0	1
173	1423	6	0	0	1
173	880	7	0	0	1
173	1424	8	0	0	1
174	1425	4	0	1	1
174	1426	5	1	0	1
174	1427	6	0	1	1
174	1428	7	1	0	1
175	818	4	0	0	1
175	1429	5	0	0	1
175	1430	6	0	1	1
175	1232	7	1	0	1
176	818	4	0	0	1
176	1429	5	0	0	1
176	1430	6	0	1	1
176	1264	7	1	0	1
177	1431	4	0	1	1
177	1432	5	1	0	1
178	1433	4	1	0	1
178	1434	5	0	0	1
178	1435	6	0	1	1
178	1436	7	1	0	1
179	824	4	0	1	1
179	825	5	1	0	1
180	824	4	0	1	1
180	1437	5	1	0	1
181	824	4	0	1	1
181	1437	5	1	0	1
181	1438	6	0	1	1
181	1439	7	1	0	1
182	1440	4	0	1	1
182	1441	5	1	0	1
183	828	4	0	0	1
183	829	5	0	0	1
183	830	6	0	0	1
183	831	7	0	1	1
183	1442	8	1	0	1
184	828	4	0	0	1
184	829	5	0	0	1
184	830	6	0	0	1
184	831	7	0	1	1
184	1443	8	1	0	1
184	1444	9	0	0	1
184	1445	10	0	0	1
184	1446	11	0	1	1
184	1447	12	1	0	1
185	1448	4	0	0	1
185	1449	5	0	1	1
185	1450	6	1	0	1
185	1451	7	0	1	1
185	1452	8	1	0	1
186	1448	4	0	0	1
186	1453	5	0	0	1
186	1454	6	0	1	1
186	1455	7	1	0	1
187	1456	4	0	1	1
187	1337	5	1	0	1
188	1457	4	0	0	1
188	1458	5	0	0	1
188	1459	6	0	1	1
188	1460	7	1	0	1
189	1461	4	0	0	1
189	1462	5	0	1	1
189	1463	6	1	1	1
189	1464	7	1	0	1
190	1465	4	0	0	1
190	1466	5	0	1	1
190	1467	6	1	0	1
191	1468	4	0	0	1
192	1468	4	0	0	1
192	1469	5	0	0	1
193	1470	4	0	0	1
193	1471	5	0	0	1
193	1472	6	0	1	1
193	1473	7	1	1	1
193	1035	8	1	0	1
194	1474	4	0	1	1
194	1475	5	1	0	1
194	1476	6	0	1	1
194	1477	7	1	0	1
195	1478	4	0	0	1
195	1479	5	0	1	1
195	1480	6	1	0	1
196	1481	4	1	0	1
197	842	4	0	0	1
197	1482	5	0	0	1
198	842	4	0	0	1
198	1483	5	0	0	1
198	1484	6	0	0	1
198	1485	7	0	1	1
198	1486	8	1	1	1
198	1487	9	1	0	1
199	1488	4	0	0	1
199	1489	5	0	1	1
199	1490	6	1	0	1
200	1491	4	0	1	1
200	1492	5	1	0	1
200	1493	6	0	1	1
200	1494	7	1	0	1
201	1491	4	0	1	1
201	1495	5	1	0	1
202	847	4	0	0	1
202	1496	5	0	1	1
202	1497	6	1	0	1
203	847	4	0	0	1
203	1498	5	0	0	1
203	1499	6	0	1	1
203	1500	7	1	0	1
205	1501	4	0	1	1
205	1502	5	1	0	1
206	850	4	0	1	1
206	851	5	1	0	1
207	850	4	0	1	1
207	1503	5	1	0	1
208	1504	4	0	0	1
208	1505	5	0	0	1
208	1506	6	0	0	1
208	1507	7	0	0	1
208	1508	8	0	0	1
208	1509	9	0	1	1
208	1266	10	1	0	1
209	1510	4	0	0	1
209	1511	5	0	0	1
209	1512	6	0	0	1
210	1510	4	0	0	1
210	1513	5	0	0	1
210	1514	6	0	0	1
211	1515	4	0	1	1
211	1284	5	1	0	1
212	859	4	0	0	1
212	860	5	0	1	1
212	861	6	1	0	1
213	1515	4	0	1	1
213	1516	5	1	0	1
214	1517	4	0	1	1
214	1518	5	1	0	1
215	1519	4	0	0	1
215	1520	5	0	1	1
215	1521	6	1	0	1
216	1522	4	0	0	1
216	1523	5	0	0	1
216	1524	6	0	0	1
216	1525	7	0	0	1
216	1526	8	0	1	1
216	1527	9	1	0	1
217	1528	4	0	1	1
217	1529	5	1	0	1
217	1530	6	0	1	1
217	1531	7	1	0	1
218	1532	4	0	1	1
218	1533	5	1	0	1
219	1534	4	0	0	1
219	1535	5	0	0	1
219	1536	6	0	0	1
219	1537	7	0	1	1
219	1538	8	1	0	1
220	880	4	0	0	1
220	881	5	0	1	1
220	1539	6	1	0	1
221	880	4	0	0	1
221	881	5	0	1	1
221	1540	6	1	0	1
222	1541	4	0	0	1
222	1542	5	0	1	1
222	1543	6	1	1	1
222	1220	7	1	0	1
222	1544	8	0	0	1
223	1541	4	0	0	1
223	1542	5	0	1	1
223	1545	6	1	0	1
224	1541	4	0	0	1
224	1546	5	0	0	1
224	924	6	0	0	1
224	1547	7	0	0	1
224	1548	8	0	0	1
224	1549	9	0	0	1
224	897	10	0	1	1
224	1550	11	1	0	1
224	1551	12	0	0	1
224	1552	13	0	0	1
225	1541	4	0	0	1
225	1263	5	0	1	1
225	1232	6	1	0	1
226	1541	4	0	0	1
226	1263	5	0	1	1
226	1264	6	1	0	1
227	1541	4	0	0	1
227	1553	5	0	0	1
227	1554	6	0	0	1
227	1555	7	0	0	1
227	1556	8	0	0	1
227	1557	9	0	0	1
227	704	10	0	1	1
227	1558	11	1	0	1
228	1541	4	0	0	1
228	1559	5	0	0	1
228	1560	6	0	0	1
228	815	7	0	0	1
228	1561	8	0	1	1
228	1518	9	1	0	1
229	884	4	0	0	1
230	884	4	0	0	1
230	1130	5	0	1	1
230	1562	6	1	0	1
231	884	4	0	0	1
231	1130	5	0	1	1
231	787	6	1	0	1
232	891	4	0	0	1
232	1563	5	0	1	1
232	1564	6	1	0	1
232	1565	7	0	0	1
232	1566	8	0	0	1
232	1446	9	0	1	1
232	1447	10	1	0	1
233	1567	4	0	0	1
233	1568	5	0	0	1
233	1569	6	0	1	1
233	1570	7	1	0	1
233	1571	8	0	1	1
233	1394	9	1	0	1
234	1572	4	0	0	1
234	1573	5	0	0	1
234	1574	6	0	1	1
234	1575	7	1	0	1
235	909	4	1	0	1
235	1576	5	0	0	1
235	1384	6	0	1	1
235	1577	7	1	1	1
235	1578	8	1	0	1
236	909	4	1	0	1
236	1579	5	0	1	1
236	1580	6	1	0	1
236	1581	7	0	0	1
237	909	4	1	0	1
237	1582	5	0	0	1
237	811	6	0	1	1
237	958	7	1	0	1
238	909	4	1	0	1
238	1579	5	0	1	1
238	1583	6	1	0	1
238	1584	7	0	0	1
238	1585	8	0	0	1
238	1586	9	0	0	1
238	1211	10	0	1	1
238	1587	11	1	1	1
238	1487	12	1	0	1
239	1588	4	1	0	1
239	1589	5	0	0	1
239	828	6	0	0	1
239	829	7	0	0	1
239	830	8	0	0	1
239	831	9	0	1	1
239	1443	10	1	0	1
1	1590	5	1	0	1
2	1591	5	0	1	1
2	1592	6	1	0	1
2	1593	7	0	0	1
2	1594	8	0	0	1
2	1595	9	0	0	1
2	1596	10	0	0	1
2	1597	11	0	0	1
2	1598	12	0	0	1
2	1599	13	0	0	1
2	1600	14	0	1	1
2	1601	15	1	1	1
2	1602	16	1	0	1
3	1591	5	0	1	1
3	1592	6	1	0	1
3	1603	7	0	0	1
3	1604	8	0	0	1
3	1605	9	0	0	1
4	1591	5	0	1	1
4	1606	6	1	0	1
4	1607	7	0	0	1
4	1608	8	0	0	1
4	1609	9	0	0	1
4	1610	10	0	1	1
4	1611	11	1	0	1
5	1612	5	0	0	1
5	1613	6	0	1	1
5	1614	7	1	0	1
6	1591	5	0	1	1
6	1615	6	1	0	1
6	1616	7	0	0	1
6	1617	8	0	1	1
6	1618	9	1	0	1
6	1619	10	0	0	1
7	1591	5	0	1	1
7	1615	6	1	0	1
7	1620	7	0	1	1
7	1621	8	1	0	1
7	1622	9	0	0	1
7	1623	10	0	1	1
7	1624	11	1	0	1
8	1591	5	0	1	1
8	1625	6	1	1	1
8	1626	7	1	0	1
8	1627	8	0	0	1
8	1628	9	0	0	1
9	1629	5	1	0	1
9	1630	6	0	0	1
9	1631	7	0	0	1
9	1632	8	0	0	1
9	1633	9	0	0	1
9	1634	10	0	1	1
9	1635	11	1	0	1
10	1591	5	0	1	1
10	1636	6	1	0	1
10	1637	7	0	0	1
10	1638	8	0	1	1
10	1639	9	1	0	1
10	1640	10	0	0	1
10	1641	11	0	1	1
10	1642	12	1	0	1
11	1591	5	0	1	1
11	1636	6	1	0	1
11	1637	7	0	0	1
11	1638	8	0	1	1
11	1643	9	1	0	1
11	1644	10	0	0	1
12	1591	5	0	1	1
12	1636	6	1	0	1
12	1645	7	0	1	1
12	1646	8	1	0	1
12	1647	9	0	1	1
12	1648	10	1	0	1
13	1591	5	0	1	1
13	1636	6	1	0	1
13	1637	7	0	0	1
13	1649	8	0	1	1
13	1650	9	1	0	1
13	1651	10	0	0	1
13	1652	11	0	0	1
14	1591	5	0	1	1
14	1653	6	1	1	1
14	1654	7	1	1	1
14	1655	8	1	1	1
14	1656	9	1	0	1
14	1657	10	0	0	1
14	1658	11	0	0	1
14	1659	12	0	0	1
14	1660	13	0	0	1
15	1591	5	0	1	1
15	1661	6	1	0	1
15	1662	7	0	1	1
15	1663	8	1	1	1
15	1664	9	1	0	1
15	1665	10	0	1	1
15	1666	11	1	0	1
15	1667	12	0	0	1
15	1668	13	0	0	1
16	1591	5	0	1	1
16	1661	6	1	0	1
16	1669	7	0	0	1
16	1670	8	0	0	1
16	1671	9	0	1	1
16	1672	10	1	0	1
17	1591	5	0	1	1
17	1673	6	1	0	1
17	1674	7	0	0	1
17	1675	8	0	0	1
17	1676	9	0	0	1
17	1677	10	0	0	1
17	1678	11	0	0	1
17	1679	12	0	1	1
17	1680	13	1	0	1
17	1681	14	0	1	1
17	1682	15	1	0	1
17	1683	16	0	1	1
17	1684	17	1	0	1
18	1591	5	0	1	1
18	1685	6	1	0	1
18	1686	7	0	1	1
18	1687	8	1	0	1
18	1688	9	0	0	1
18	1689	10	0	0	1
18	1690	11	0	0	1
18	1691	12	0	0	1
18	1692	13	0	1	1
18	1693	14	1	0	1
18	1694	15	0	1	1
18	1695	16	1	0	1
19	1591	5	0	1	1
19	1696	6	1	0	1
19	1697	7	0	1	1
19	1698	8	1	0	1
19	1699	9	0	1	1
19	1700	10	1	0	1
19	1701	11	0	1	1
19	1702	12	1	0	1
20	1703	5	0	0	1
20	1704	6	0	0	1
20	1705	7	0	0	1
21	1706	5	0	0	1
21	1707	6	0	1	1
21	1708	7	1	0	1
22	1706	5	0	0	1
22	1707	6	0	1	1
22	1708	7	1	0	1
22	1709	8	0	0	1
22	1710	9	0	0	1
22	1711	10	0	0	1
23	1706	5	0	0	1
23	1707	6	0	1	1
23	1712	7	1	0	1
24	1713	5	0	0	1
24	1714	6	0	0	1
24	1715	7	0	1	1
24	1716	8	1	1	1
24	1717	9	1	1	1
24	1718	10	1	0	1
24	1719	11	0	0	1
25	1713	5	0	0	1
25	1720	6	0	1	1
25	1721	7	1	0	1
26	1722	5	0	0	1
26	1723	6	0	0	1
26	1724	7	0	0	1
26	1725	8	0	0	1
26	1726	9	0	1	1
26	1727	10	1	0	1
27	1728	5	0	0	1
27	1729	6	0	0	1
27	1730	7	0	0	1
28	1731	5	0	0	1
28	1732	6	0	0	1
28	1733	7	0	1	1
28	1734	8	1	0	1
29	1735	5	0	0	1
29	1736	6	0	0	1
29	1737	7	0	1	1
29	1738	8	1	0	1
30	1739	5	0	0	1
30	1740	6	0	0	1
30	1741	7	0	0	1
31	1742	5	0	0	1
31	1743	6	0	1	1
31	1744	7	1	0	1
32	1745	5	0	0	1
33	1746	5	0	1	1
33	1747	6	1	1	1
33	1748	7	1	0	1
33	1749	8	0	0	1
33	1750	9	0	0	1
33	1751	10	0	0	1
34	1752	5	0	0	1
34	1753	6	0	0	1
34	1754	7	0	1	1
34	1755	8	1	0	1
35	1752	5	0	0	1
35	1753	6	0	0	1
35	1754	7	0	1	1
35	1756	8	1	0	1
36	1752	5	0	0	1
36	1753	6	0	0	1
36	1754	7	0	1	1
36	1756	8	1	0	1
36	1757	9	0	1	1
36	1758	10	1	0	1
37	1752	5	0	0	1
37	1759	6	0	0	1
37	1760	7	0	1	1
37	1761	8	1	0	1
38	1762	5	0	0	1
38	1763	6	0	1	1
38	1764	7	1	1	1
38	1765	8	1	0	1
38	1766	9	0	0	1
39	1767	5	0	0	1
39	1768	6	0	0	1
39	1769	7	0	1	1
39	1770	8	1	0	1
40	1771	5	0	0	1
40	1772	6	0	0	1
40	1773	7	0	1	1
40	1774	8	1	0	1
41	1775	5	0	0	1
41	1776	6	0	0	1
42	1775	5	0	0	1
42	1777	6	0	0	1
42	1778	7	0	0	1
42	1779	8	0	1	1
42	1780	9	1	1	1
42	1781	10	1	0	1
42	1782	11	0	0	1
43	1775	5	0	0	1
43	1783	6	0	0	1
43	1784	7	0	0	1
43	1785	8	0	0	1
44	1775	5	0	0	1
44	1783	6	0	0	1
44	1786	7	0	0	1
44	1787	8	0	0	1
44	1788	9	0	0	1
44	1789	10	0	1	1
44	1790	11	1	0	1
45	1791	5	0	0	1
45	1792	6	0	0	1
45	1793	7	0	0	1
45	1794	8	0	0	1
45	1795	9	0	0	1
45	1796	10	0	1	1
45	1797	11	1	0	1
45	1798	12	0	1	1
45	1799	13	1	0	1
46	1800	5	0	1	1
46	1801	6	1	0	1
46	1802	7	0	0	1
46	1803	8	0	0	1
46	1804	9	0	1	1
46	1805	10	1	1	1
46	1806	11	1	0	1
47	1807	5	0	0	1
47	1808	6	0	0	1
47	1809	7	0	0	1
48	1800	5	0	1	1
48	1810	6	1	0	1
48	1811	7	0	0	1
48	1812	8	0	0	1
48	1813	9	0	1	1
48	1814	10	1	0	1
48	1815	11	0	0	1
48	1816	12	0	0	1
48	1817	13	0	1	1
48	1818	14	1	0	1
49	1819	5	0	0	1
50	1820	5	0	0	1
50	1821	6	0	0	1
50	1822	7	0	0	1
50	1823	8	0	1	1
50	1824	9	1	0	1
50	1825	10	0	1	1
50	1826	11	1	0	1
50	1827	12	0	1	1
50	1828	13	1	1	1
50	1829	14	1	0	1
50	1830	15	0	0	1
51	1820	5	0	0	1
51	1821	6	0	0	1
51	1822	7	0	0	1
51	1823	8	0	1	1
51	1831	9	1	1	1
51	1832	10	1	0	1
52	1820	5	0	0	1
52	1821	6	0	0	1
52	1833	7	0	1	1
52	1834	8	1	1	1
52	1835	9	1	0	1
53	1820	5	0	0	1
53	1836	6	0	0	1
53	1837	7	0	0	1
53	1838	8	0	0	1
54	1820	5	0	0	1
54	1839	6	0	0	1
54	1840	7	0	0	1
54	1841	8	0	0	1
54	1842	9	0	0	1
54	1843	10	0	0	1
54	1844	11	0	0	1
54	1845	12	0	0	1
55	1846	5	0	1	1
55	1847	6	1	0	1
55	1848	7	0	0	1
56	1846	5	0	1	1
56	1847	6	1	0	1
56	1848	7	0	0	1
56	1849	8	0	1	1
56	1850	9	1	0	1
57	1846	5	0	1	1
57	1851	6	1	0	1
57	1852	7	0	0	1
57	1853	8	0	1	1
57	1854	9	1	0	1
58	1855	5	0	0	1
58	1856	6	0	1	1
58	1857	7	1	0	1
58	1858	8	0	0	1
58	1859	9	0	0	1
58	1860	10	0	0	1
58	1861	11	0	0	1
58	1862	12	0	0	1
58	1863	13	0	0	1
58	1864	14	0	0	1
59	1855	5	0	0	1
59	1856	6	0	1	1
59	1865	7	1	0	1
59	1866	8	0	0	1
59	1867	9	0	0	1
59	1868	10	0	0	1
59	1869	11	0	0	1
59	1870	12	0	0	1
59	1871	13	0	0	1
59	1872	14	0	0	1
60	1855	5	0	0	1
60	1856	6	0	1	1
60	1873	7	1	0	1
60	1874	8	0	0	1
60	1875	9	0	0	1
60	1876	10	0	0	1
60	1877	11	0	0	1
60	1878	12	0	0	1
60	1879	13	0	0	1
61	1880	5	0	1	1
61	1881	6	1	0	1
61	1882	7	0	0	1
61	1623	8	0	1	1
61	1883	9	1	0	1
61	1884	10	0	1	1
61	1885	11	1	0	1
62	1886	5	0	0	1
62	1887	6	0	0	1
62	1888	7	0	0	1
63	1886	5	0	0	1
63	1889	6	0	0	1
63	1890	7	0	0	1
63	1891	8	0	0	1
64	1892	5	0	0	1
64	1893	6	0	0	1
64	1894	7	0	1	1
64	1895	8	1	0	1
65	1892	5	0	0	1
65	1896	6	0	0	1
65	1897	7	0	0	1
66	1898	5	1	0	1
66	1899	6	0	0	1
66	1900	7	0	0	1
67	1901	5	1	0	1
67	1902	6	0	0	1
67	1903	7	0	0	1
67	1904	8	0	1	1
67	1905	9	1	0	1
67	1906	10	0	0	1
67	1907	11	0	0	1
68	1908	5	0	0	1
68	1909	6	0	0	1
68	1910	7	0	0	1
68	1911	8	0	0	1
69	1912	5	0	1	1
69	1913	6	1	1	1
69	1914	7	1	0	1
69	1915	8	0	0	1
70	1916	5	0	0	1
70	1917	6	0	1	1
70	1918	7	1	0	1
70	1919	8	0	0	1
70	1920	9	0	1	1
70	1921	10	1	0	1
71	1916	5	0	0	1
71	1917	6	0	1	1
71	1922	7	1	0	1
71	1923	8	0	0	1
71	1924	9	0	0	1
71	1925	10	0	0	1
72	1916	5	0	0	1
72	1917	6	0	1	1
72	1922	7	1	0	1
72	1926	8	0	0	1
72	1927	9	0	0	1
72	1928	10	0	1	1
72	1929	11	1	0	1
72	1930	12	0	1	1
72	1931	13	1	1	1
72	1932	14	1	0	1
73	1916	5	0	0	1
73	1917	6	0	1	1
73	1933	7	1	0	1
73	1934	8	0	0	1
73	1935	9	0	1	1
73	1936	10	1	0	1
74	1916	5	0	0	1
74	1917	6	0	1	1
74	1937	7	1	0	1
74	1938	8	0	0	1
74	1939	9	0	0	1
74	1940	10	0	1	1
74	1941	11	1	0	1
75	1916	5	0	0	1
75	1917	6	0	1	1
75	1942	7	1	0	1
75	1644	8	0	0	1
76	1916	5	0	0	1
76	1917	6	0	1	1
76	1943	7	1	0	1
76	1944	8	0	0	1
76	1945	9	0	0	1
76	1946	10	0	0	1
76	1947	11	0	1	1
76	1948	12	1	0	1
77	1916	5	0	0	1
77	1917	6	0	1	1
77	1949	7	1	1	1
77	1950	8	1	0	1
77	1951	9	0	0	1
77	1952	10	0	0	1
78	1916	5	0	0	1
78	1917	6	0	1	1
78	1953	7	1	0	1
78	1954	8	0	0	1
78	1955	9	0	0	1
78	1956	10	0	0	1
78	1957	11	0	0	1
79	1916	5	0	0	1
79	1917	6	0	1	1
79	1953	7	1	0	1
79	1954	8	0	0	1
79	1958	9	0	1	1
79	1959	10	1	0	1
80	1726	5	0	1	1
80	1727	6	1	0	1
80	1960	7	0	1	1
80	1648	8	1	0	1
80	1961	9	0	1	1
80	1962	10	1	0	1
81	1916	5	0	0	1
81	1963	6	0	1	1
81	1964	7	1	0	1
81	1965	8	0	1	1
81	1966	9	1	0	1
81	1967	10	0	1	1
81	1968	11	1	0	1
81	1969	12	0	0	1
81	1970	13	0	0	1
81	1971	14	0	0	1
82	1916	5	0	0	1
82	1972	6	0	0	1
82	1973	7	0	1	1
82	1974	8	1	0	1
83	1975	5	0	0	1
83	1976	6	0	0	1
83	1977	7	0	0	1
83	1978	8	0	0	1
84	1979	5	0	0	1
84	1980	6	0	1	1
84	1981	7	1	1	1
84	1982	8	1	1	1
84	1983	9	1	0	1
84	1984	10	0	1	1
84	1985	11	1	0	1
84	1979	12	0	0	1
84	1986	13	0	0	1
85	1979	5	0	0	1
85	1986	6	0	0	1
86	1979	5	0	0	1
86	1987	6	0	0	1
86	1988	7	0	0	1
86	1989	8	0	0	1
86	1990	9	0	0	1
87	1991	5	0	0	1
87	1992	6	0	0	1
88	1993	5	0	0	1
88	1994	6	0	0	1
88	1995	7	0	0	1
88	1996	8	0	0	1
88	1997	9	0	0	1
88	1998	10	0	0	1
88	1999	11	0	0	1
89	1993	5	0	0	1
89	1994	6	0	0	1
89	2000	7	0	0	1
89	2001	8	0	0	1
89	2002	9	0	0	1
90	1993	5	0	0	1
90	1994	6	0	0	1
90	2003	7	0	0	1
90	2004	8	0	1	1
90	2005	9	1	0	1
91	1993	5	0	0	1
91	1994	6	0	0	1
91	2003	7	0	0	1
91	2004	8	0	1	1
91	2005	9	1	0	1
91	2006	10	0	1	1
91	2007	11	1	0	1
92	2008	5	0	1	1
92	2009	6	1	0	1
93	1993	5	0	0	1
93	2010	6	0	0	1
93	2011	7	0	1	1
93	2012	8	1	1	1
93	2013	9	1	0	1
93	2014	10	0	0	1
94	1993	5	0	0	1
94	2015	6	0	0	1
94	2016	7	0	1	1
94	2017	8	1	0	1
95	2018	5	0	0	1
95	2019	6	0	0	1
95	2020	7	0	1	1
95	2021	8	1	0	1
96	2022	5	0	0	1
96	2023	6	0	0	1
96	2024	7	0	1	1
96	2025	8	1	0	1
96	2026	9	0	1	1
96	2027	10	1	0	1
97	2022	5	0	0	1
97	2023	6	0	0	1
97	2028	7	0	1	1
97	2029	8	1	1	1
97	2030	9	1	0	1
98	2031	5	0	1	1
98	2032	6	1	0	1
98	2033	7	0	0	1
98	2034	8	0	0	1
98	2035	9	0	1	1
98	2036	10	1	0	1
99	2031	5	0	1	1
99	2037	6	1	0	1
99	2038	7	0	0	1
99	2039	8	0	0	1
99	2003	9	0	0	1
99	2004	10	0	1	1
99	2005	11	1	0	1
99	2006	12	0	1	1
99	2040	13	1	0	1
99	2041	14	0	0	1
99	2042	15	0	0	1
100	2031	5	0	1	1
100	2043	6	1	0	1
100	2044	7	0	0	1
100	2045	8	0	0	1
100	2046	9	0	1	1
100	2047	10	1	1	1
100	2048	11	1	0	1
100	2049	12	0	0	1
101	2050	5	0	0	1
101	2051	6	0	0	1
101	2052	7	0	0	1
101	1691	8	0	0	1
101	1692	9	0	1	1
101	2053	10	1	0	1
102	2054	5	0	1	1
102	2055	6	1	0	1
102	2056	7	0	1	1
102	2057	8	1	0	1
102	2058	9	0	1	1
102	2059	10	1	0	1
102	2060	11	0	0	1
102	2061	12	0	0	1
102	2062	13	0	1	1
102	2063	14	1	0	1
103	2064	5	0	0	1
103	2065	6	0	0	1
104	2066	5	0	1	1
104	2067	6	1	0	1
104	2068	7	0	0	1
104	2069	8	0	0	1
105	2064	5	0	0	1
105	2065	6	0	0	1
105	2070	7	0	0	1
105	2071	8	0	0	1
105	2072	9	0	1	1
105	2073	10	1	0	1
106	2064	5	0	0	1
106	2074	6	0	0	1
106	2075	7	0	1	1
106	2076	8	1	0	1
107	2077	5	0	1	1
107	2078	6	1	0	1
107	2079	7	0	0	1
107	2080	8	0	0	1
107	2081	9	0	0	1
107	1838	10	0	0	1
107	2082	11	0	1	1
107	2083	12	1	1	1
107	2084	13	1	0	1
107	2085	14	0	0	1
108	2086	5	0	0	1
108	2087	6	0	1	1
108	2088	7	1	0	1
109	2089	5	0	1	1
109	2090	6	1	0	1
110	2091	5	0	0	1
110	2092	6	0	0	1
110	2093	7	0	0	1
110	2094	8	0	1	1
110	2095	9	1	0	1
110	2096	10	0	1	1
110	2097	11	1	0	1
110	2098	12	0	1	1
110	2099	13	1	0	1
111	2091	5	0	0	1
111	2100	6	0	0	1
112	2091	5	0	0	1
112	2101	6	0	0	1
112	2102	7	0	0	1
112	2103	8	0	1	1
112	2104	9	1	0	1
112	2105	10	0	1	1
112	2106	11	1	0	1
113	2091	5	0	0	1
113	2101	6	0	0	1
113	2102	7	0	0	1
113	2107	8	0	1	1
113	2108	9	1	1	1
113	2109	10	1	0	1
114	2091	5	0	0	1
114	2110	6	0	0	1
114	2111	7	0	0	1
114	2112	8	0	1	1
114	2113	9	1	0	1
115	2114	5	0	0	1
115	2115	6	0	0	1
115	2116	7	0	0	1
115	2117	8	0	0	1
115	2118	9	0	1	1
115	2119	10	1	0	1
115	2120	11	0	1	1
115	2121	12	1	1	1
115	2122	13	1	0	1
115	2123	14	0	0	1
116	2114	5	0	0	1
116	2124	6	0	1	1
116	2125	7	1	0	1
117	2126	5	1	0	1
118	2127	5	1	0	1
119	2127	5	1	0	1
119	2128	6	0	0	1
119	1952	7	0	0	1
120	2129	5	0	1	1
120	2130	6	1	0	1
120	2131	7	0	1	1
120	2132	8	1	1	1
120	2133	9	1	0	1
120	2134	10	0	0	1
121	2129	5	0	1	1
121	2135	6	1	0	1
121	2136	7	0	0	1
121	2137	8	0	0	1
121	2081	9	0	0	1
121	1838	10	0	0	1
121	2082	11	0	1	1
121	2083	12	1	1	1
121	2084	13	1	0	1
121	2085	14	0	0	1
122	2138	5	0	1	1
122	2139	6	1	0	1
122	2140	7	0	0	1
122	2141	8	0	0	1
122	2142	9	0	1	1
122	2143	10	1	0	1
123	2138	5	0	1	1
123	2144	6	1	0	1
123	2145	7	0	0	1
123	2146	8	0	1	1
123	2147	9	1	0	1
124	2148	5	0	0	1
124	2149	6	0	1	1
124	2150	7	1	0	1
125	2148	5	0	0	1
125	2149	6	0	1	1
125	2151	7	1	0	1
126	2152	5	1	0	1
126	2153	6	0	0	1
126	2154	7	0	1	1
126	2155	8	1	1	1
126	2156	9	1	0	1
126	1782	10	0	0	1
127	2152	5	1	0	1
127	2153	6	0	0	1
127	2154	7	0	1	1
127	2157	8	1	0	1
128	2158	5	0	0	1
129	2159	5	0	1	1
129	2160	6	1	0	1
129	2161	7	0	0	1
129	2162	8	0	1	1
129	2163	9	1	1	1
129	2164	10	1	0	1
129	2165	11	0	0	1
130	2159	5	0	1	1
130	2160	6	1	0	1
130	2166	7	0	0	1
130	2167	8	0	1	1
130	2168	9	1	1	1
130	2169	10	1	0	1
130	2170	11	0	0	1
131	2159	5	0	1	1
131	2171	6	1	0	1
131	2172	7	0	0	1
131	2173	8	0	0	1
131	2174	9	0	1	1
131	2175	10	1	0	1
131	2176	11	0	1	1
131	2177	12	1	0	1
132	2159	5	0	1	1
132	2178	6	1	0	1
132	2179	7	0	0	1
132	2180	8	0	0	1
132	2181	9	0	0	1
132	2004	10	0	1	1
132	2182	11	1	0	1
133	2159	5	0	1	1
133	2178	6	1	0	1
133	2179	7	0	0	1
133	2183	8	0	0	1
133	2184	9	0	0	1
133	2185	10	0	1	1
133	2186	11	1	0	1
134	2187	5	1	0	1
134	2188	6	0	1	1
134	2189	7	1	1	1
134	2190	8	1	0	1
134	2191	9	0	0	1
135	2192	5	0	1	1
135	2193	6	1	0	1
135	2194	7	0	0	1
135	2195	8	0	1	1
135	2196	9	1	0	1
136	2192	5	0	1	1
136	2197	6	1	0	1
136	2198	7	0	1	1
136	2199	8	1	0	1
136	2200	9	0	0	1
136	2201	10	0	0	1
136	2202	11	0	0	1
136	2203	12	0	1	1
136	2204	13	1	0	1
136	2205	14	0	1	1
136	2206	15	1	0	1
137	2192	5	0	1	1
137	2207	6	1	0	1
137	2208	7	0	0	1
137	2209	8	0	0	1
137	2210	9	0	0	1
137	2094	10	0	1	1
137	2211	11	1	0	1
138	2212	5	0	1	1
138	2213	6	1	0	1
138	2214	7	0	1	1
138	2215	8	1	0	1
138	2216	9	0	0	1
138	2217	10	0	0	1
138	2218	11	0	1	1
138	2219	12	1	0	1
140	2220	5	0	1	1
140	2221	6	1	0	1
140	2222	7	0	1	1
140	1621	8	1	0	1
140	1622	9	0	0	1
140	1623	10	0	1	1
140	1624	11	1	0	1
141	2220	5	0	1	1
141	2223	6	1	0	1
141	2224	7	0	0	1
141	1638	8	0	1	1
141	2225	9	1	0	1
141	2226	10	0	0	1
141	2227	11	0	0	1
141	2024	12	0	1	1
141	2025	13	1	0	1
142	2220	5	0	1	1
142	2228	6	1	0	1
142	2229	7	0	1	1
142	2230	8	1	0	1
142	2231	9	0	0	1
142	2232	10	0	0	1
142	2233	11	0	0	1
142	2117	12	0	0	1
142	2118	13	0	1	1
142	2119	14	1	0	1
142	2120	15	0	1	1
142	2234	16	1	0	1
143	1603	5	0	0	1
143	2235	6	0	1	1
143	2236	7	1	0	1
144	2237	5	0	0	1
144	2238	6	0	0	1
144	2239	7	0	1	1
144	1756	8	1	0	1
144	1757	9	0	1	1
144	1758	10	1	0	1
145	2240	5	0	0	1
145	2241	6	0	0	1
145	2242	7	0	1	1
145	2243	8	1	0	1
145	2244	9	0	1	1
145	2245	10	1	0	1
146	2246	5	0	0	1
146	2247	6	0	0	1
146	2248	7	0	0	1
147	1614	5	1	0	1
148	2249	5	0	0	1
148	2250	6	0	0	1
148	2251	7	0	0	1
148	2252	8	0	1	1
148	2253	9	1	0	1
149	2254	5	0	1	1
149	2255	6	1	0	1
149	2256	7	0	0	1
149	2257	8	0	1	1
149	2258	9	1	0	1
150	2259	5	0	0	1
150	2260	6	0	0	1
150	2261	7	0	0	1
150	2262	8	0	0	1
151	2263	5	0	0	1
151	2264	6	0	0	1
151	2265	7	0	0	1
151	2266	8	0	0	1
152	2267	5	1	0	1
152	2268	6	0	0	1
152	2269	7	0	0	1
152	2270	8	0	1	1
152	2271	9	1	0	1
153	2272	5	0	0	1
153	2273	6	0	0	1
153	2274	7	0	0	1
153	2275	8	0	0	1
154	1637	5	0	0	1
154	2276	6	0	0	1
154	2277	7	0	0	1
154	2278	8	0	0	1
154	2279	9	0	1	1
154	2280	10	1	0	1
155	2281	5	0	0	1
155	2282	6	0	0	1
155	2283	7	0	0	1
155	2284	8	0	0	1
156	2285	5	0	0	1
157	1662	5	0	1	1
157	2286	6	1	0	1
157	2287	7	0	0	1
157	2288	8	0	0	1
157	2289	9	0	0	1
158	1662	5	0	1	1
158	2290	6	1	0	1
158	2291	7	0	1	1
158	2292	8	1	0	1
158	2293	9	0	0	1
158	2294	10	0	0	1
158	2295	11	0	0	1
158	2296	12	0	0	1
158	2297	13	0	0	1
159	2298	5	0	1	1
159	2299	6	1	0	1
159	2300	7	0	0	1
159	2301	8	0	1	1
159	2302	9	1	0	1
160	2303	5	1	1	1
160	2304	6	1	0	1
160	2305	7	0	0	1
161	2306	5	0	1	1
161	2307	6	1	0	1
161	2308	7	0	1	1
161	2309	8	1	0	1
161	2310	9	0	1	1
161	2099	10	1	0	1
162	2311	5	0	1	1
162	2312	6	1	0	1
163	2313	5	0	0	1
163	2314	6	0	0	1
163	2315	7	0	1	1
163	2316	8	1	0	1
164	2317	5	1	1	1
164	2318	6	1	0	1
164	2014	7	0	0	1
165	2319	5	0	0	1
165	2320	6	0	1	1
165	2321	7	1	0	1
166	2322	5	1	1	1
166	2323	6	1	0	1
168	2324	5	0	0	1
168	2325	6	0	1	1
168	2326	7	1	0	1
169	2327	5	0	0	1
169	2328	6	0	0	1
170	1708	5	1	0	1
170	2329	6	0	0	1
170	2330	7	0	0	1
170	2331	8	0	1	1
170	2332	9	1	0	1
171	1712	5	1	0	1
172	2333	5	0	1	1
172	2334	6	1	0	1
173	2335	5	0	0	1
173	2336	6	0	0	1
173	2337	7	0	0	1
173	2338	8	0	0	1
174	2339	5	1	0	1
174	2340	6	0	1	1
174	2341	7	1	0	1
175	2342	5	0	0	1
175	2343	6	0	1	1
175	2344	7	1	0	1
176	2342	5	0	0	1
176	2343	6	0	1	1
176	2345	7	1	0	1
177	2346	5	1	0	1
178	2347	5	0	0	1
178	2348	6	0	1	1
178	2349	7	1	0	1
179	1721	5	1	0	1
180	2350	5	1	0	1
181	2350	5	1	0	1
181	2351	6	0	1	1
181	2352	7	1	0	1
182	2353	5	1	0	1
183	1724	5	0	0	1
183	1725	6	0	0	1
183	1726	7	0	1	1
183	2354	8	1	0	1
184	1724	5	0	0	1
184	1725	6	0	0	1
184	1726	7	0	1	1
184	2355	8	1	0	1
184	2356	9	0	0	1
184	2357	10	0	0	1
184	2358	11	0	1	1
184	2359	12	1	0	1
185	2360	5	0	1	1
185	2361	6	1	0	1
185	2362	7	0	1	1
185	2363	8	1	0	1
186	2364	5	0	0	1
186	2365	6	0	1	1
186	2366	7	1	0	1
187	2367	5	1	0	1
188	2368	5	0	0	1
188	2369	6	0	1	1
188	2370	7	1	0	1
189	2371	5	0	1	1
189	2372	6	1	1	1
189	2373	7	1	0	1
190	2374	5	0	1	1
190	2375	6	1	0	1
192	2376	5	0	0	1
193	2377	5	0	0	1
193	2378	6	0	1	1
193	2379	7	1	1	1
193	2380	8	1	0	1
194	2381	5	1	0	1
194	2382	6	0	1	1
194	2383	7	1	0	1
195	2384	5	0	1	1
195	2385	6	1	0	1
197	2386	5	0	0	1
198	2387	5	0	0	1
198	2388	6	0	0	1
198	2389	7	0	1	1
198	2390	8	1	1	1
198	2391	9	1	0	1
199	2392	5	0	1	1
199	2393	6	1	0	1
200	2394	5	1	0	1
200	2395	6	0	1	1
200	2396	7	1	0	1
201	2397	5	1	0	1
202	2398	5	0	1	1
202	2399	6	1	0	1
203	2400	5	0	0	1
203	2401	6	0	1	1
203	2402	7	1	0	1
205	2403	5	1	0	1
206	1744	5	1	0	1
207	2404	5	1	0	1
208	2405	5	0	0	1
208	2406	6	0	0	1
208	2407	7	0	0	1
208	2408	8	0	0	1
208	2409	9	0	1	1
208	2410	10	1	0	1
209	2411	5	0	0	1
209	2412	6	0	0	1
210	2413	5	0	0	1
210	2414	6	0	0	1
211	2415	5	1	0	1
212	1754	5	0	1	1
212	1755	6	1	0	1
213	2416	5	1	0	1
214	2417	5	1	0	1
215	2418	5	0	1	1
215	2419	6	1	0	1
216	2420	5	0	0	1
216	2421	6	0	0	1
216	2422	7	0	0	1
216	2423	8	0	1	1
216	2424	9	1	0	1
217	2425	5	1	0	1
217	2426	6	0	1	1
217	2427	7	1	0	1
218	2428	5	1	0	1
219	2429	5	0	0	1
219	2430	6	0	0	1
219	2431	7	0	1	1
219	2432	8	1	0	1
220	1773	5	0	1	1
220	2433	6	1	0	1
221	1773	5	0	1	1
221	2434	6	1	0	1
222	2435	5	0	1	1
222	2436	6	1	1	1
222	2437	7	1	0	1
222	2438	8	0	0	1
223	2435	5	0	1	1
223	2439	6	1	0	1
224	2440	5	0	0	1
224	2441	6	0	0	1
224	2442	7	0	0	1
224	2443	8	0	0	1
224	2444	9	0	0	1
224	2445	10	0	1	1
224	2446	11	1	0	1
224	2447	12	0	0	1
224	2448	13	0	0	1
225	2449	5	0	1	1
225	2219	6	1	0	1
226	2449	5	0	1	1
226	2175	6	1	0	1
227	2450	5	0	0	1
227	2451	6	0	0	1
227	2452	7	0	0	1
227	2453	8	0	0	1
227	2454	9	0	0	1
227	2455	10	0	1	1
227	2456	11	1	0	1
228	2457	5	0	0	1
228	2458	6	0	0	1
228	2459	7	0	0	1
228	2460	8	0	1	1
228	2461	9	1	0	1
230	2035	5	0	1	1
230	2462	6	1	0	1
231	2035	5	0	1	1
231	2463	6	1	0	1
232	2464	5	0	1	1
232	2465	6	1	0	1
232	2466	7	0	0	1
232	2467	8	0	0	1
232	2468	9	0	1	1
232	2359	10	1	0	1
233	2469	5	0	0	1
233	2470	6	0	1	1
233	2471	7	1	0	1
233	2472	8	0	1	1
233	2473	9	1	0	1
234	2474	5	0	0	1
234	2475	6	0	1	1
234	2476	7	1	0	1
235	2477	5	0	0	1
235	2478	6	0	1	1
235	2479	7	1	1	1
235	2480	8	1	0	1
236	2481	5	0	1	1
236	2482	6	1	0	1
236	2483	7	0	0	1
237	2484	5	0	0	1
237	2485	6	0	1	1
237	1921	7	1	0	1
238	2481	5	0	1	1
238	2486	6	1	0	1
238	2487	7	0	0	1
238	2488	8	0	0	1
238	2489	9	0	0	1
238	2490	10	0	1	1
238	2491	11	1	1	1
238	2492	12	1	0	1
239	2493	5	0	0	1
239	2494	6	0	0	1
239	1724	7	0	0	1
239	1725	8	0	0	1
239	1726	9	0	1	1
239	2355	10	1	0	1
2	2495	6	1	0	1
2	2496	7	0	0	1
2	2497	8	0	0	1
2	2498	9	0	0	1
2	2499	10	0	0	1
2	2500	11	0	0	1
2	2501	12	0	0	1
2	2502	13	0	0	1
2	2503	14	0	1	1
2	2504	15	1	1	1
2	2505	16	1	0	1
3	2495	6	1	0	1
3	2506	7	0	0	1
3	2507	8	0	0	1
3	2508	9	0	0	1
4	2509	6	1	0	1
4	2510	7	0	0	1
4	2511	8	0	0	1
4	2512	9	0	0	1
4	2513	10	0	1	1
4	2514	11	1	0	1
5	2515	6	0	1	1
5	2516	7	1	0	1
6	2517	6	1	0	1
6	2518	7	0	0	1
6	2519	8	0	1	1
6	2520	9	1	0	1
6	2521	10	0	0	1
7	2517	6	1	0	1
7	2522	7	0	1	1
7	2523	8	1	0	1
7	2524	9	0	0	1
7	2525	10	0	1	1
7	2526	11	1	0	1
8	2527	6	1	1	1
8	2528	7	1	0	1
8	2529	8	0	0	1
8	2530	9	0	0	1
9	2531	6	0	0	1
9	2532	7	0	0	1
9	2533	8	0	0	1
9	2534	9	0	0	1
9	2535	10	0	1	1
9	2536	11	1	0	1
10	2537	6	1	0	1
10	2538	7	0	0	1
10	2539	8	0	1	1
10	2540	9	1	0	1
10	2541	10	0	0	1
10	2542	11	0	1	1
10	2543	12	1	0	1
11	2537	6	1	0	1
11	2538	7	0	0	1
11	2539	8	0	1	1
11	2544	9	1	0	1
11	2545	10	0	0	1
12	2537	6	1	0	1
12	2546	7	0	1	1
12	2547	8	1	0	1
12	2548	9	0	1	1
12	2549	10	1	0	1
13	2537	6	1	0	1
13	2538	7	0	0	1
13	2550	8	0	1	1
13	2551	9	1	0	1
13	2552	10	0	0	1
13	2553	11	0	0	1
14	2554	6	1	1	1
14	2555	7	1	1	1
14	2556	8	1	1	1
14	2557	9	1	0	1
14	2558	10	0	0	1
14	2559	11	0	0	1
14	2560	12	0	0	1
14	2561	13	0	0	1
15	2562	6	1	0	1
15	2563	7	0	1	1
15	2564	8	1	1	1
15	2565	9	1	0	1
15	2566	10	0	1	1
15	2567	11	1	0	1
15	2568	12	0	0	1
15	2569	13	0	0	1
16	2562	6	1	0	1
16	2570	7	0	0	1
16	2571	8	0	0	1
16	2572	9	0	1	1
16	2573	10	1	0	1
17	2574	6	1	0	1
17	2575	7	0	0	1
17	2576	8	0	0	1
17	2577	9	0	0	1
17	2578	10	0	0	1
17	2579	11	0	0	1
17	2580	12	0	1	1
17	2581	13	1	0	1
17	2582	14	0	1	1
17	2583	15	1	0	1
17	2584	16	0	1	1
17	2585	17	1	0	1
18	2586	6	1	0	1
18	2587	7	0	1	1
18	2588	8	1	0	1
18	2589	9	0	0	1
18	2590	10	0	0	1
18	2591	11	0	0	1
18	2592	12	0	0	1
18	2593	13	0	1	1
18	2594	14	1	0	1
18	2595	15	0	1	1
18	2596	16	1	0	1
19	2597	6	1	0	1
19	2598	7	0	1	1
19	2599	8	1	0	1
19	2600	9	0	1	1
19	2601	10	1	0	1
19	2602	11	0	1	1
19	2603	12	1	0	1
20	2604	6	0	0	1
20	2605	7	0	0	1
21	2606	6	0	1	1
21	2607	7	1	0	1
22	2606	6	0	1	1
22	2607	7	1	0	1
22	2608	8	0	0	1
22	2609	9	0	0	1
22	2610	10	0	0	1
23	2606	6	0	1	1
23	2611	7	1	0	1
24	2612	6	0	0	1
24	2613	7	0	1	1
24	2614	8	1	1	1
24	2615	9	1	1	1
24	2616	10	1	0	1
24	2617	11	0	0	1
25	2618	6	0	1	1
25	2619	7	1	0	1
26	2620	6	0	0	1
26	2621	7	0	0	1
26	2622	8	0	0	1
26	2623	9	0	1	1
26	2624	10	1	0	1
27	2625	6	0	0	1
27	2626	7	0	0	1
28	2627	6	0	0	1
28	2628	7	0	1	1
28	2629	8	1	0	1
29	2630	6	0	0	1
29	2631	7	0	1	1
29	2632	8	1	0	1
30	2633	6	0	0	1
30	2634	7	0	0	1
31	2635	6	0	1	1
31	2636	7	1	0	1
33	2637	6	1	1	1
33	2638	7	1	0	1
33	2639	8	0	0	1
33	2640	9	0	0	1
33	2641	10	0	0	1
34	2642	6	0	0	1
34	2643	7	0	1	1
34	2644	8	1	0	1
35	2642	6	0	0	1
35	2643	7	0	1	1
35	2645	8	1	0	1
36	2642	6	0	0	1
36	2643	7	0	1	1
36	2645	8	1	0	1
36	2646	9	0	1	1
36	2647	10	1	0	1
37	2648	6	0	0	1
37	2649	7	0	1	1
37	2650	8	1	0	1
38	2651	6	0	1	1
38	2652	7	1	1	1
38	2653	8	1	0	1
38	2654	9	0	0	1
39	2655	6	0	0	1
39	2656	7	0	1	1
39	2657	8	1	0	1
40	2658	6	0	0	1
40	2659	7	0	1	1
40	2660	8	1	0	1
41	2661	6	0	0	1
42	2662	6	0	0	1
42	2663	7	0	0	1
42	2664	8	0	1	1
42	2665	9	1	1	1
42	2666	10	1	0	1
42	2667	11	0	0	1
43	2668	6	0	0	1
43	2669	7	0	0	1
43	2670	8	0	0	1
44	2668	6	0	0	1
44	2671	7	0	0	1
44	2672	8	0	0	1
44	2673	9	0	0	1
44	2674	10	0	1	1
44	2675	11	1	0	1
45	2676	6	0	0	1
45	2677	7	0	0	1
45	2678	8	0	0	1
45	2679	9	0	0	1
45	2680	10	0	1	1
45	2681	11	1	0	1
45	2682	12	0	1	1
45	2683	13	1	0	1
46	2684	6	1	0	1
46	2685	7	0	0	1
46	2686	8	0	0	1
46	2687	9	0	1	1
46	2688	10	1	1	1
46	2689	11	1	0	1
47	2690	6	0	0	1
47	2691	7	0	0	1
48	2692	6	1	0	1
48	2693	7	0	0	1
48	2694	8	0	0	1
48	2695	9	0	1	1
48	2696	10	1	0	1
48	2697	11	0	0	1
48	2698	12	0	0	1
48	2699	13	0	1	1
48	2700	14	1	0	1
50	2701	6	0	0	1
50	2702	7	0	0	1
50	2703	8	0	1	1
50	2704	9	1	0	1
50	2705	10	0	1	1
50	2706	11	1	0	1
50	2707	12	0	1	1
50	2708	13	1	1	1
50	2709	14	1	0	1
50	2710	15	0	0	1
51	2701	6	0	0	1
51	2702	7	0	0	1
51	2703	8	0	1	1
51	2711	9	1	1	1
51	2712	10	1	0	1
52	2701	6	0	0	1
52	2713	7	0	1	1
52	2714	8	1	1	1
52	2715	9	1	0	1
53	2716	6	0	0	1
53	2717	7	0	0	1
53	2718	8	0	0	1
54	2719	6	0	0	1
54	2720	7	0	0	1
54	2721	8	0	0	1
54	2722	9	0	0	1
54	2723	10	0	0	1
54	2724	11	0	0	1
54	2725	12	0	0	1
55	2726	6	1	0	1
55	2727	7	0	0	1
56	2726	6	1	0	1
56	2727	7	0	0	1
56	2728	8	0	1	1
56	2729	9	1	0	1
57	2730	6	1	0	1
57	2731	7	0	0	1
57	2732	8	0	1	1
57	2733	9	1	0	1
58	2734	6	0	1	1
58	2735	7	1	0	1
58	2736	8	0	0	1
58	2737	9	0	0	1
58	2738	10	0	0	1
58	2739	11	0	0	1
58	2740	12	0	0	1
58	2741	13	0	0	1
58	2742	14	0	0	1
59	2734	6	0	1	1
59	2743	7	1	0	1
59	2744	8	0	0	1
59	2745	9	0	0	1
59	2746	10	0	0	1
59	2747	11	0	0	1
59	2748	12	0	0	1
59	2749	13	0	0	1
59	2750	14	0	0	1
60	2734	6	0	1	1
60	2751	7	1	0	1
60	2752	8	0	0	1
60	2753	9	0	0	1
60	2754	10	0	0	1
60	2755	11	0	0	1
60	2756	12	0	0	1
60	2757	13	0	0	1
61	2758	6	1	0	1
61	2759	7	0	0	1
61	2760	8	0	1	1
61	2761	9	1	0	1
61	2762	10	0	1	1
61	2763	11	1	0	1
62	2764	6	0	0	1
62	2765	7	0	0	1
63	2766	6	0	0	1
63	2767	7	0	0	1
63	2768	8	0	0	1
64	2769	6	0	0	1
64	2770	7	0	1	1
64	2771	8	1	0	1
65	2772	6	0	0	1
65	2773	7	0	0	1
66	2774	6	0	0	1
66	2775	7	0	0	1
67	2776	6	0	0	1
67	2777	7	0	0	1
67	2778	8	0	1	1
67	2779	9	1	0	1
67	2780	10	0	0	1
67	2781	11	0	0	1
68	2782	6	0	0	1
68	2783	7	0	0	1
68	2784	8	0	0	1
69	2785	6	1	1	1
69	2786	7	1	0	1
69	2787	8	0	0	1
70	2788	6	0	1	1
70	2789	7	1	0	1
70	2790	8	0	0	1
70	2791	9	0	1	1
70	2792	10	1	0	1
71	2788	6	0	1	1
71	2793	7	1	0	1
71	2794	8	0	0	1
71	2795	9	0	0	1
71	2796	10	0	0	1
72	2788	6	0	1	1
72	2793	7	1	0	1
72	2797	8	0	0	1
72	2798	9	0	0	1
72	2799	10	0	1	1
72	2800	11	1	0	1
72	2801	12	0	1	1
72	2802	13	1	1	1
72	2803	14	1	0	1
73	2788	6	0	1	1
73	2804	7	1	0	1
73	2805	8	0	0	1
73	2806	9	0	1	1
73	2807	10	1	0	1
74	2788	6	0	1	1
74	2808	7	1	0	1
74	2809	8	0	0	1
74	2810	9	0	0	1
74	2811	10	0	1	1
74	2812	11	1	0	1
75	2788	6	0	1	1
75	2813	7	1	0	1
75	2814	8	0	0	1
76	2788	6	0	1	1
76	2815	7	1	0	1
76	2816	8	0	0	1
76	2817	9	0	0	1
76	2818	10	0	0	1
76	2819	11	0	1	1
76	2820	12	1	0	1
77	2788	6	0	1	1
77	2821	7	1	1	1
77	2822	8	1	0	1
77	2823	9	0	0	1
77	2824	10	0	0	1
78	2788	6	0	1	1
78	2825	7	1	0	1
78	2826	8	0	0	1
78	2827	9	0	0	1
78	2828	10	0	0	1
78	2829	11	0	0	1
79	2788	6	0	1	1
79	2825	7	1	0	1
79	2826	8	0	0	1
79	2830	9	0	1	1
79	2831	10	1	0	1
80	2624	6	1	0	1
80	2832	7	0	1	1
80	2833	8	1	0	1
80	2834	9	0	1	1
80	2835	10	1	0	1
81	2836	6	0	1	1
81	2837	7	1	0	1
81	2838	8	0	1	1
81	2839	9	1	0	1
81	2840	10	0	1	1
81	2841	11	1	0	1
81	2842	12	0	0	1
81	2843	13	0	0	1
81	2844	14	0	0	1
82	2845	6	0	0	1
82	2846	7	0	1	1
82	2847	8	1	0	1
83	2848	6	0	0	1
83	2849	7	0	0	1
83	2850	8	0	0	1
84	2851	6	0	1	1
84	2852	7	1	1	1
84	2853	8	1	1	1
84	2854	9	1	0	1
84	2855	10	0	1	1
84	2856	11	1	0	1
84	2857	12	0	0	1
84	2858	13	0	0	1
85	2858	6	0	0	1
86	2859	6	0	0	1
86	2860	7	0	0	1
86	2861	8	0	0	1
86	2862	9	0	0	1
87	2863	6	0	0	1
88	2864	6	0	0	1
88	2865	7	0	0	1
88	2866	8	0	0	1
88	2867	9	0	0	1
88	2868	10	0	0	1
88	2869	11	0	0	1
89	2864	6	0	0	1
89	2870	7	0	0	1
89	2871	8	0	0	1
89	2872	9	0	0	1
90	2864	6	0	0	1
90	2873	7	0	0	1
90	2874	8	0	1	1
90	2875	9	1	0	1
91	2864	6	0	0	1
91	2873	7	0	0	1
91	2874	8	0	1	1
91	2875	9	1	0	1
91	2876	10	0	1	1
91	2877	11	1	0	1
92	2878	6	1	0	1
93	2879	6	0	0	1
93	2880	7	0	1	1
93	2881	8	1	1	1
93	2882	9	1	0	1
93	2883	10	0	0	1
94	2884	6	0	0	1
94	2885	7	0	1	1
94	2886	8	1	0	1
95	2887	6	0	0	1
95	2888	7	0	1	1
95	2889	8	1	0	1
96	2890	6	0	0	1
96	2891	7	0	1	1
96	2892	8	1	0	1
96	2893	9	0	1	1
96	2894	10	1	0	1
97	2890	6	0	0	1
97	2895	7	0	1	1
97	2896	8	1	1	1
97	2897	9	1	0	1
98	2898	6	1	0	1
98	2899	7	0	0	1
98	2900	8	0	0	1
98	2901	9	0	1	1
98	2902	10	1	0	1
99	2903	6	1	0	1
99	2904	7	0	0	1
99	2905	8	0	0	1
99	2906	9	0	0	1
99	2874	10	0	1	1
99	2875	11	1	0	1
99	2876	12	0	1	1
99	2907	13	1	0	1
99	2908	14	0	0	1
99	2909	15	0	0	1
100	2910	6	1	0	1
100	2911	7	0	0	1
100	2912	8	0	0	1
100	2913	9	0	1	1
100	2914	10	1	1	1
100	2915	11	1	0	1
100	2916	12	0	0	1
101	2917	6	0	0	1
101	2918	7	0	0	1
101	2919	8	0	0	1
101	2593	9	0	1	1
101	2920	10	1	0	1
102	2921	6	1	0	1
102	2922	7	0	1	1
102	2923	8	1	0	1
102	2924	9	0	1	1
102	2925	10	1	0	1
102	2926	11	0	0	1
102	2927	12	0	0	1
102	2928	13	0	1	1
102	2929	14	1	0	1
103	2930	6	0	0	1
104	2931	6	1	0	1
104	2932	7	0	0	1
104	2933	8	0	0	1
105	2930	6	0	0	1
105	2934	7	0	0	1
105	2935	8	0	0	1
105	2936	9	0	1	1
105	2937	10	1	0	1
106	2938	6	0	0	1
106	2939	7	0	1	1
106	2940	8	1	0	1
107	2941	6	1	0	1
107	2942	7	0	0	1
107	2943	8	0	0	1
107	2944	9	0	0	1
107	2945	10	0	0	1
107	2946	11	0	1	1
107	2947	12	1	1	1
107	2948	13	1	0	1
107	2949	14	0	0	1
108	2950	6	0	1	1
108	2951	7	1	0	1
109	2952	6	1	0	1
110	2953	6	0	0	1
110	2954	7	0	0	1
110	2955	8	0	1	1
110	2956	9	1	0	1
110	2957	10	0	1	1
110	2958	11	1	0	1
110	2959	12	0	1	1
110	2960	13	1	0	1
111	2961	6	0	0	1
112	2962	6	0	0	1
112	2963	7	0	0	1
112	2964	8	0	1	1
112	2965	9	1	0	1
112	2966	10	0	1	1
112	2967	11	1	0	1
113	2962	6	0	0	1
113	2963	7	0	0	1
113	2968	8	0	1	1
113	2969	9	1	1	1
113	2970	10	1	0	1
114	2971	6	0	0	1
114	2972	7	0	0	1
114	2973	8	0	1	1
114	2974	9	1	0	1
115	2975	6	0	0	1
115	2976	7	0	0	1
115	2977	8	0	0	1
115	2978	9	0	1	1
115	2979	10	1	0	1
115	2980	11	0	1	1
115	2981	12	1	1	1
115	2982	13	1	0	1
115	2983	14	0	0	1
116	2984	6	0	1	1
116	2985	7	1	0	1
119	2986	6	0	0	1
119	2987	7	0	0	1
120	2988	6	1	0	1
120	2989	7	0	1	1
120	2990	8	1	1	1
120	2991	9	1	0	1
120	2992	10	0	0	1
121	2993	6	1	0	1
121	2994	7	0	0	1
121	2995	8	0	0	1
121	2996	9	0	0	1
121	2945	10	0	0	1
121	2946	11	0	1	1
121	2947	12	1	1	1
121	2948	13	1	0	1
121	2949	14	0	0	1
122	2997	6	1	0	1
122	2998	7	0	0	1
122	2999	8	0	0	1
122	3000	9	0	1	1
122	3001	10	1	0	1
123	3002	6	1	0	1
123	3003	7	0	0	1
123	3004	8	0	1	1
123	3005	9	1	0	1
124	3006	6	0	1	1
124	3007	7	1	0	1
125	3006	6	0	1	1
125	3008	7	1	0	1
126	3009	6	0	0	1
126	3010	7	0	1	1
126	3011	8	1	1	1
126	3012	9	1	0	1
126	3013	10	0	0	1
127	3009	6	0	0	1
127	3010	7	0	1	1
127	3014	8	1	0	1
129	3015	6	1	0	1
129	3016	7	0	0	1
129	3017	8	0	1	1
129	3018	9	1	1	1
129	3019	10	1	0	1
129	3020	11	0	0	1
130	3015	6	1	0	1
130	3021	7	0	0	1
130	3022	8	0	1	1
130	3023	9	1	1	1
130	3024	10	1	0	1
130	3025	11	0	0	1
131	3026	6	1	0	1
131	3027	7	0	0	1
131	3028	8	0	0	1
131	3029	9	0	1	1
131	3030	10	1	0	1
131	3031	11	0	1	1
131	3032	12	1	0	1
132	3033	6	1	0	1
132	3034	7	0	0	1
132	3035	8	0	0	1
132	3036	9	0	0	1
132	3037	10	0	1	1
132	3038	11	1	0	1
133	3033	6	1	0	1
133	3034	7	0	0	1
133	3039	8	0	0	1
133	3040	9	0	0	1
133	3041	10	0	1	1
133	3042	11	1	0	1
134	3043	6	0	1	1
134	3044	7	1	1	1
134	3045	8	1	0	1
134	3046	9	0	0	1
135	3047	6	1	0	1
135	3048	7	0	0	1
135	3049	8	0	1	1
135	3050	9	1	0	1
136	3051	6	1	0	1
136	3052	7	0	1	1
136	3053	8	1	0	1
136	3054	9	0	0	1
136	3055	10	0	0	1
136	3056	11	0	0	1
136	3057	12	0	1	1
136	3058	13	1	0	1
136	3059	14	0	1	1
136	3060	15	1	0	1
137	3061	6	1	0	1
137	3062	7	0	0	1
137	3063	8	0	0	1
137	3064	9	0	0	1
137	3065	10	0	1	1
137	3066	11	1	0	1
138	3067	6	1	0	1
138	3068	7	0	1	1
138	3069	8	1	0	1
138	3070	9	0	0	1
138	3071	10	0	0	1
138	3072	11	0	1	1
138	3073	12	1	0	1
140	3074	6	1	0	1
140	3075	7	0	1	1
140	3076	8	1	0	1
140	2524	9	0	0	1
140	2525	10	0	1	1
140	2526	11	1	0	1
141	3077	6	1	0	1
141	3078	7	0	0	1
141	3079	8	0	1	1
141	3080	9	1	0	1
141	3081	10	0	0	1
141	3082	11	0	0	1
141	3083	12	0	1	1
141	2892	13	1	0	1
142	3084	6	1	0	1
142	3085	7	0	1	1
142	3086	8	1	0	1
142	3087	9	0	0	1
142	3088	10	0	0	1
142	3089	11	0	0	1
142	3090	12	0	0	1
142	2978	13	0	1	1
142	2979	14	1	0	1
142	2980	15	0	1	1
142	3091	16	1	0	1
143	3092	6	0	1	1
143	3093	7	1	0	1
144	3094	6	0	0	1
144	3095	7	0	1	1
144	3096	8	1	0	1
144	2646	9	0	1	1
144	2647	10	1	0	1
145	3097	6	0	0	1
145	3098	7	0	1	1
145	3099	8	1	0	1
145	3100	9	0	1	1
145	3101	10	1	0	1
146	3102	6	0	0	1
146	3103	7	0	0	1
148	3104	6	0	0	1
148	3105	7	0	0	1
148	3106	8	0	1	1
148	3107	9	1	0	1
149	3108	6	1	0	1
149	3109	7	0	0	1
149	3110	8	0	1	1
149	3111	9	1	0	1
150	3112	6	0	0	1
150	3113	7	0	0	1
150	3114	8	0	0	1
151	3115	6	0	0	1
151	3116	7	0	0	1
151	3117	8	0	0	1
152	3118	6	0	0	1
152	3119	7	0	0	1
152	3120	8	0	1	1
152	3121	9	1	0	1
153	3122	6	0	0	1
153	3123	7	0	0	1
153	3124	8	0	0	1
154	3125	6	0	0	1
154	3126	7	0	0	1
154	3127	8	0	0	1
154	3128	9	0	1	1
154	3129	10	1	0	1
155	3130	6	0	0	1
155	3131	7	0	0	1
155	3132	8	0	0	1
157	3133	6	1	0	1
157	3134	7	0	0	1
157	3135	8	0	0	1
157	3136	9	0	0	1
158	3137	6	1	0	1
158	3138	7	0	1	1
158	3139	8	1	0	1
158	3140	9	0	0	1
158	3141	10	0	0	1
158	3142	11	0	0	1
158	3143	12	0	0	1
158	3144	13	0	0	1
159	3145	6	1	0	1
159	3146	7	0	0	1
159	3147	8	0	1	1
159	3148	9	1	0	1
160	3149	6	1	0	1
160	3150	7	0	0	1
161	3151	6	1	0	1
161	3152	7	0	1	1
161	3153	8	1	0	1
161	3154	9	0	1	1
161	3155	10	1	0	1
162	3156	6	1	0	1
163	3157	6	0	0	1
163	3158	7	0	1	1
163	3159	8	1	0	1
164	3160	6	1	0	1
164	3161	7	0	0	1
165	3162	6	0	1	1
165	3163	7	1	0	1
166	3164	6	1	0	1
168	3165	6	0	1	1
168	3166	7	1	0	1
169	3167	6	0	0	1
170	3168	6	0	0	1
170	3169	7	0	0	1
170	3170	8	0	1	1
170	3171	9	1	0	1
172	3172	6	1	0	1
173	3173	6	0	0	1
173	3174	7	0	0	1
173	3175	8	0	0	1
174	3176	6	0	1	1
174	3177	7	1	0	1
175	3178	6	0	1	1
175	3179	7	1	0	1
176	3178	6	0	1	1
176	3180	7	1	0	1
178	3181	6	0	1	1
178	3182	7	1	0	1
181	3183	6	0	1	1
181	3184	7	1	0	1
183	2622	6	0	0	1
183	2623	7	0	1	1
183	3185	8	1	0	1
184	2622	6	0	0	1
184	2623	7	0	1	1
184	3186	8	1	0	1
184	3187	9	0	0	1
184	3188	10	0	0	1
184	3189	11	0	1	1
184	3190	12	1	0	1
185	3191	6	1	0	1
185	3192	7	0	1	1
185	3193	8	1	0	1
186	3194	6	0	1	1
186	3195	7	1	0	1
188	3196	6	0	1	1
188	3197	7	1	0	1
189	3198	6	1	1	1
189	3199	7	1	0	1
190	3200	6	1	0	1
193	3201	6	0	1	1
193	3202	7	1	1	1
193	3203	8	1	0	1
194	3204	6	0	1	1
194	3205	7	1	0	1
195	3206	6	1	0	1
198	3207	6	0	0	1
198	3208	7	0	1	1
198	3209	8	1	1	1
198	3210	9	1	0	1
199	3211	6	1	0	1
200	3212	6	0	1	1
200	3213	7	1	0	1
202	3214	6	1	0	1
203	3215	6	0	1	1
203	3216	7	1	0	1
208	3217	6	0	0	1
208	3218	7	0	0	1
208	3219	8	0	0	1
208	3220	9	0	1	1
208	3221	10	1	0	1
209	3222	6	0	0	1
210	3223	6	0	0	1
212	2644	6	1	0	1
215	3224	6	1	0	1
216	3225	6	0	0	1
216	3226	7	0	0	1
216	3227	8	0	1	1
216	3228	9	1	0	1
217	3229	6	0	1	1
217	3230	7	1	0	1
219	3231	6	0	0	1
219	3232	7	0	1	1
219	3233	8	1	0	1
220	3234	6	1	0	1
221	3235	6	1	0	1
222	3236	6	1	1	1
222	3237	7	1	0	1
222	3238	8	0	0	1
223	3239	6	1	0	1
224	3240	6	0	0	1
224	3241	7	0	0	1
224	3242	8	0	0	1
224	3243	9	0	0	1
224	3244	10	0	1	1
224	3245	11	1	0	1
224	3246	12	0	0	1
224	3247	13	0	0	1
225	3248	6	1	0	1
226	3249	6	1	0	1
227	3250	6	0	0	1
227	3251	7	0	0	1
227	3252	8	0	0	1
227	3253	9	0	0	1
227	3254	10	0	1	1
227	3255	11	1	0	1
228	3256	6	0	0	1
228	3257	7	0	0	1
228	3258	8	0	1	1
228	3259	9	1	0	1
230	3260	6	1	0	1
231	3261	6	1	0	1
232	3262	6	1	0	1
232	3263	7	0	0	1
232	3264	8	0	0	1
232	3265	9	0	1	1
232	3266	10	1	0	1
233	3267	6	0	1	1
233	3268	7	1	0	1
233	3269	8	0	1	1
233	3270	9	1	0	1
234	3271	6	0	1	1
234	3272	7	1	0	1
235	3273	6	0	1	1
235	3274	7	1	1	1
235	3275	8	1	0	1
236	3276	6	1	0	1
236	3277	7	0	0	1
237	3278	6	0	1	1
237	3279	7	1	0	1
238	3280	6	1	0	1
238	3281	7	0	0	1
238	3282	8	0	0	1
238	3283	9	0	0	1
238	3284	10	0	1	1
238	3285	11	1	1	1
238	3286	12	1	0	1
239	3287	6	0	0	1
239	3288	7	0	0	1
239	2622	8	0	0	1
239	2623	9	0	1	1
239	3186	10	1	0	1
2	3289	7	0	0	1
2	3290	8	0	0	1
2	3291	9	0	0	1
2	3292	10	0	0	1
2	3293	11	0	0	1
2	3294	12	0	0	1
2	3295	13	0	0	1
2	3296	14	0	1	1
2	3297	15	1	1	1
2	3298	16	1	0	1
3	3299	7	0	0	1
3	3300	8	0	0	1
3	3301	9	0	0	1
4	3302	7	0	0	1
4	3303	8	0	0	1
4	3304	9	0	0	1
4	3305	10	0	1	1
4	3306	11	1	0	1
5	3307	7	1	0	1
6	3308	7	0	0	1
6	3309	8	0	1	1
6	3310	9	1	0	1
6	3311	10	0	0	1
7	3312	7	0	1	1
7	3313	8	1	0	1
7	3314	9	0	0	1
7	3315	10	0	1	1
7	3316	11	1	0	1
8	3317	7	1	0	1
8	3318	8	0	0	1
8	3319	9	0	0	1
9	3320	7	0	0	1
9	3321	8	0	0	1
9	3322	9	0	0	1
9	3323	10	0	1	1
9	3324	11	1	0	1
10	3325	7	0	0	1
10	3326	8	0	1	1
10	3327	9	1	0	1
10	3328	10	0	0	1
10	3329	11	0	1	1
10	3330	12	1	0	1
11	3325	7	0	0	1
11	3326	8	0	1	1
11	3331	9	1	0	1
11	3332	10	0	0	1
12	3333	7	0	1	1
12	3334	8	1	0	1
12	3335	9	0	1	1
12	3336	10	1	0	1
13	3325	7	0	0	1
13	3337	8	0	1	1
13	3338	9	1	0	1
13	3339	10	0	0	1
13	3340	11	0	0	1
14	3341	7	1	1	1
14	3342	8	1	1	1
14	3343	9	1	0	1
14	3344	10	0	0	1
14	3345	11	0	0	1
14	3346	12	0	0	1
14	3347	13	0	0	1
15	3348	7	0	1	1
15	3349	8	1	1	1
15	3350	9	1	0	1
15	3351	10	0	1	1
15	3352	11	1	0	1
15	3353	12	0	0	1
15	3354	13	0	0	1
16	3355	7	0	0	1
16	3356	8	0	0	1
16	3357	9	0	1	1
16	3358	10	1	0	1
17	3359	7	0	0	1
17	3360	8	0	0	1
17	3361	9	0	0	1
17	3362	10	0	0	1
17	3363	11	0	0	1
17	3364	12	0	1	1
17	3365	13	1	0	1
17	3366	14	0	1	1
17	3367	15	1	0	1
17	3368	16	0	1	1
17	3369	17	1	0	1
18	3370	7	0	1	1
18	3371	8	1	0	1
18	3372	9	0	0	1
18	3373	10	0	0	1
18	3374	11	0	0	1
18	3375	12	0	0	1
18	3376	13	0	1	1
18	3377	14	1	0	1
18	3378	15	0	1	1
18	3379	16	1	0	1
19	3380	7	0	1	1
19	3381	8	1	0	1
19	3382	9	0	1	1
19	3383	10	1	0	1
19	3384	11	0	1	1
19	3385	12	1	0	1
20	3386	7	0	0	1
21	3387	7	1	0	1
22	3387	7	1	0	1
22	3388	8	0	0	1
22	3389	9	0	0	1
22	3390	10	0	0	1
23	3391	7	1	0	1
24	3392	7	0	1	1
24	3393	8	1	1	1
24	3394	9	1	1	1
24	3395	10	1	0	1
24	3396	11	0	0	1
25	3397	7	1	0	1
26	3398	7	0	0	1
26	3399	8	0	0	1
26	3400	9	0	1	1
26	3401	10	1	0	1
27	3402	7	0	0	1
28	3403	7	0	1	1
28	3404	8	1	0	1
29	3405	7	0	1	1
29	3406	8	1	0	1
30	3407	7	0	0	1
31	3408	7	1	0	1
33	3409	7	1	0	1
33	3410	8	0	0	1
33	3411	9	0	0	1
33	3412	10	0	0	1
34	3413	7	0	1	1
34	3414	8	1	0	1
35	3413	7	0	1	1
35	3415	8	1	0	1
36	3413	7	0	1	1
36	3415	8	1	0	1
36	3416	9	0	1	1
36	3417	10	1	0	1
37	3418	7	0	1	1
37	3419	8	1	0	1
38	3420	7	1	1	1
38	3421	8	1	0	1
38	3422	9	0	0	1
39	3423	7	0	1	1
39	3424	8	1	0	1
40	3425	7	0	1	1
40	3426	8	1	0	1
42	3427	7	0	0	1
42	3428	8	0	1	1
42	3429	9	1	1	1
42	3430	10	1	0	1
42	3431	11	0	0	1
43	3432	7	0	0	1
43	3433	8	0	0	1
44	3434	7	0	0	1
44	3435	8	0	0	1
44	3436	9	0	0	1
44	3437	10	0	1	1
44	3438	11	1	0	1
45	3439	7	0	0	1
45	3440	8	0	0	1
45	3441	9	0	0	1
45	3442	10	0	1	1
45	3443	11	1	0	1
45	3444	12	0	1	1
45	3445	13	1	0	1
46	3446	7	0	0	1
46	3447	8	0	0	1
46	3448	9	0	1	1
46	3449	10	1	1	1
46	3450	11	1	0	1
47	3451	7	0	0	1
48	3452	7	0	0	1
48	3453	8	0	0	1
48	3454	9	0	1	1
48	3455	10	1	0	1
48	3456	11	0	0	1
48	3457	12	0	0	1
48	3458	13	0	1	1
48	3459	14	1	0	1
50	3460	7	0	0	1
50	3461	8	0	1	1
50	3462	9	1	0	1
50	3463	10	0	1	1
50	3464	11	1	0	1
50	3465	12	0	1	1
50	3466	13	1	1	1
50	3467	14	1	0	1
50	3468	15	0	0	1
51	3460	7	0	0	1
51	3461	8	0	1	1
51	3469	9	1	1	1
51	3470	10	1	0	1
52	3471	7	0	1	1
52	3472	8	1	1	1
52	3473	9	1	0	1
53	3474	7	0	0	1
53	3475	8	0	0	1
54	3476	7	0	0	1
54	3477	8	0	0	1
54	3478	9	0	0	1
54	3479	10	0	0	1
54	3480	11	0	0	1
54	3481	12	0	0	1
55	3482	7	0	0	1
56	3482	7	0	0	1
56	3483	8	0	1	1
56	3484	9	1	0	1
57	3485	7	0	0	1
57	3486	8	0	1	1
57	3487	9	1	0	1
58	3488	7	1	0	1
58	3489	8	0	0	1
58	3490	9	0	0	1
58	3491	10	0	0	1
58	3492	11	0	0	1
58	3493	12	0	0	1
58	3494	13	0	0	1
58	3495	14	0	0	1
59	3496	7	1	0	1
59	3497	8	0	0	1
59	3498	9	0	0	1
59	3499	10	0	0	1
59	3500	11	0	0	1
59	3501	12	0	0	1
59	3502	13	0	0	1
59	3503	14	0	0	1
60	3504	7	1	0	1
60	3505	8	0	0	1
60	3506	9	0	0	1
60	3507	10	0	0	1
60	3508	11	0	0	1
60	3509	12	0	0	1
60	3510	13	0	0	1
61	3511	7	0	0	1
61	3512	8	0	1	1
61	3513	9	1	0	1
61	3514	10	0	1	1
61	3515	11	1	0	1
62	3516	7	0	0	1
63	3517	7	0	0	1
63	3518	8	0	0	1
64	3519	7	0	1	1
64	3520	8	1	0	1
65	3521	7	0	0	1
66	3522	7	0	0	1
67	3523	7	0	0	1
67	3524	8	0	1	1
67	3525	9	1	0	1
67	3526	10	0	0	1
67	3527	11	0	0	1
68	3528	7	0	0	1
68	3529	8	0	0	1
69	3530	7	1	0	1
69	3531	8	0	0	1
70	3532	7	1	0	1
70	3533	8	0	0	1
70	3534	9	0	1	1
70	3535	10	1	0	1
71	3536	7	1	0	1
71	3537	8	0	0	1
71	3538	9	0	0	1
71	3539	10	0	0	1
72	3536	7	1	0	1
72	3540	8	0	0	1
72	3541	9	0	0	1
72	3542	10	0	1	1
72	3543	11	1	0	1
72	3544	12	0	1	1
72	3545	13	1	1	1
72	3546	14	1	0	1
73	3547	7	1	0	1
73	3548	8	0	0	1
73	3549	9	0	1	1
73	3550	10	1	0	1
74	3551	7	1	0	1
74	3552	8	0	0	1
74	3553	9	0	0	1
74	3554	10	0	1	1
74	3555	11	1	0	1
75	3556	7	1	0	1
75	3557	8	0	0	1
76	3558	7	1	0	1
76	3559	8	0	0	1
76	3560	9	0	0	1
76	3561	10	0	0	1
76	3562	11	0	1	1
76	3563	12	1	0	1
77	3564	7	1	1	1
77	3565	8	1	0	1
77	3566	9	0	0	1
77	3567	10	0	0	1
78	3568	7	1	0	1
78	3569	8	0	0	1
78	3570	9	0	0	1
78	3571	10	0	0	1
78	3572	11	0	0	1
79	3568	7	1	0	1
79	3569	8	0	0	1
79	3573	9	0	1	1
79	3574	10	1	0	1
80	3575	7	0	1	1
80	3576	8	1	0	1
80	3577	9	0	1	1
80	3578	10	1	0	1
81	3579	7	1	0	1
81	3580	8	0	1	1
81	3581	9	1	0	1
81	3582	10	0	1	1
81	3583	11	1	0	1
81	3584	12	0	0	1
81	3585	13	0	0	1
81	3586	14	0	0	1
82	3587	7	0	1	1
82	3588	8	1	0	1
83	3589	7	0	0	1
83	3590	8	0	0	1
84	3591	7	1	1	1
84	3592	8	1	1	1
84	3593	9	1	0	1
84	3594	10	0	1	1
84	3595	11	1	0	1
84	3596	12	0	0	1
84	3597	13	0	0	1
86	3598	7	0	0	1
86	3599	8	0	0	1
86	3600	9	0	0	1
88	3601	7	0	0	1
88	3602	8	0	0	1
88	3603	9	0	0	1
88	3604	10	0	0	1
88	3605	11	0	0	1
89	3606	7	0	0	1
89	3607	8	0	0	1
89	3608	9	0	0	1
90	3609	7	0	0	1
90	3610	8	0	1	1
90	3611	9	1	0	1
91	3609	7	0	0	1
91	3610	8	0	1	1
91	3611	9	1	0	1
91	3612	10	0	1	1
91	3613	11	1	0	1
93	3614	7	0	1	1
93	3615	8	1	1	1
93	3616	9	1	0	1
93	3617	10	0	0	1
94	3618	7	0	1	1
94	3619	8	1	0	1
95	3620	7	0	1	1
95	3621	8	1	0	1
96	3622	7	0	1	1
96	3623	8	1	0	1
96	3624	9	0	1	1
96	3625	10	1	0	1
97	3626	7	0	1	1
97	3627	8	1	1	1
97	3628	9	1	0	1
98	3629	7	0	0	1
98	3630	8	0	0	1
98	3631	9	0	1	1
98	3632	10	1	0	1
99	3633	7	0	0	1
99	3634	8	0	0	1
99	3635	9	0	0	1
99	3636	10	0	1	1
99	3611	11	1	0	1
99	3612	12	0	1	1
99	3637	13	1	0	1
99	3638	14	0	0	1
99	3639	15	0	0	1
100	3640	7	0	0	1
100	3641	8	0	0	1
100	3642	9	0	1	1
100	3643	10	1	1	1
100	3644	11	1	0	1
100	3645	12	0	0	1
101	3646	7	0	0	1
101	3647	8	0	0	1
101	3648	9	0	1	1
101	3649	10	1	0	1
102	3650	7	0	1	1
102	3651	8	1	0	1
102	3652	9	0	1	1
102	3653	10	1	0	1
102	3654	11	0	0	1
102	3655	12	0	0	1
102	3656	13	0	1	1
102	3657	14	1	0	1
104	3658	7	0	0	1
104	3659	8	0	0	1
105	3660	7	0	0	1
105	3661	8	0	0	1
105	3662	9	0	1	1
105	3663	10	1	0	1
106	3664	7	0	1	1
106	3665	8	1	0	1
107	3666	7	0	0	1
107	3667	8	0	0	1
107	3668	9	0	0	1
107	3669	10	0	0	1
107	3670	11	0	1	1
107	3671	12	1	1	1
107	3672	13	1	0	1
107	3673	14	0	0	1
108	3674	7	1	0	1
110	3675	7	0	0	1
110	3676	8	0	1	1
110	3677	9	1	0	1
110	3678	10	0	1	1
110	3679	11	1	0	1
110	3680	12	0	1	1
110	3681	13	1	0	1
112	3682	7	0	0	1
112	3683	8	0	1	1
112	3684	9	1	0	1
112	3685	10	0	1	1
112	3686	11	1	0	1
113	3682	7	0	0	1
113	3687	8	0	1	1
113	3688	9	1	1	1
113	3689	10	1	0	1
114	3690	7	0	0	1
114	3691	8	0	1	1
114	3692	9	1	0	1
115	3693	7	0	0	1
115	3694	8	0	0	1
115	3695	9	0	1	1
115	3696	10	1	0	1
115	3697	11	0	1	1
115	3698	12	1	1	1
115	3699	13	1	0	1
115	3700	14	0	0	1
116	3701	7	1	0	1
119	3702	7	0	0	1
120	3703	7	0	1	1
120	3704	8	1	1	1
120	3705	9	1	0	1
120	3706	10	0	0	1
121	3707	7	0	0	1
121	3708	8	0	0	1
121	3709	9	0	0	1
121	3710	10	0	0	1
121	3670	11	0	1	1
121	3671	12	1	1	1
121	3672	13	1	0	1
121	3673	14	0	0	1
122	3711	7	0	0	1
122	3712	8	0	0	1
122	3713	9	0	1	1
122	3714	10	1	0	1
123	3715	7	0	0	1
123	3716	8	0	1	1
123	3717	9	1	0	1
124	3718	7	1	0	1
125	3719	7	1	0	1
126	3720	7	0	1	1
126	3721	8	1	1	1
126	3722	9	1	0	1
126	3723	10	0	0	1
127	3720	7	0	1	1
127	3724	8	1	0	1
129	3725	7	0	0	1
129	3726	8	0	1	1
129	3727	9	1	1	1
129	3728	10	1	0	1
129	3729	11	0	0	1
130	3730	7	0	0	1
130	3731	8	0	1	1
130	3732	9	1	1	1
130	3733	10	1	0	1
130	3734	11	0	0	1
131	3735	7	0	0	1
131	3736	8	0	0	1
131	3737	9	0	1	1
131	3738	10	1	0	1
131	3739	11	0	1	1
131	3740	12	1	0	1
132	3741	7	0	0	1
132	3742	8	0	0	1
132	3743	9	0	0	1
132	3744	10	0	1	1
132	3745	11	1	0	1
133	3741	7	0	0	1
133	3746	8	0	0	1
133	3747	9	0	0	1
133	3748	10	0	1	1
133	3749	11	1	0	1
134	3750	7	1	1	1
134	3751	8	1	0	1
134	3752	9	0	0	1
135	3753	7	0	0	1
135	3754	8	0	1	1
135	3755	9	1	0	1
136	3756	7	0	1	1
136	3757	8	1	0	1
136	3758	9	0	0	1
136	3759	10	0	0	1
136	3760	11	0	0	1
136	3761	12	0	1	1
136	3762	13	1	0	1
136	3763	14	0	1	1
136	3764	15	1	0	1
137	3765	7	0	0	1
137	3766	8	0	0	1
137	3767	9	0	0	1
137	3768	10	0	1	1
137	3769	11	1	0	1
138	3770	7	0	1	1
138	3771	8	1	0	1
138	3772	9	0	0	1
138	3773	10	0	0	1
138	3774	11	0	1	1
138	3775	12	1	0	1
140	3776	7	0	1	1
140	3777	8	1	0	1
140	3778	9	0	0	1
140	3315	10	0	1	1
140	3316	11	1	0	1
141	3779	7	0	0	1
141	3780	8	0	1	1
141	3781	9	1	0	1
141	3782	10	0	0	1
141	3783	11	0	0	1
141	3784	12	0	1	1
141	3785	13	1	0	1
142	3786	7	0	1	1
142	3787	8	1	0	1
142	3788	9	0	0	1
142	3789	10	0	0	1
142	3790	11	0	0	1
142	3791	12	0	0	1
142	3792	13	0	1	1
142	3696	14	1	0	1
142	3697	15	0	1	1
142	3793	16	1	0	1
143	3794	7	1	0	1
144	3795	7	0	1	1
144	3796	8	1	0	1
144	3797	9	0	1	1
144	3417	10	1	0	1
145	3798	7	0	1	1
145	3799	8	1	0	1
145	3800	9	0	1	1
145	3801	10	1	0	1
146	3802	7	0	0	1
148	3803	7	0	0	1
148	3804	8	0	1	1
148	3805	9	1	0	1
149	3806	7	0	0	1
149	3807	8	0	1	1
149	3808	9	1	0	1
150	3809	7	0	0	1
150	3810	8	0	0	1
151	3811	7	0	0	1
151	3812	8	0	0	1
152	3813	7	0	0	1
152	3814	8	0	1	1
152	3815	9	1	0	1
153	3816	7	0	0	1
153	3817	8	0	0	1
154	3818	7	0	0	1
154	3819	8	0	0	1
154	3820	9	0	1	1
154	3821	10	1	0	1
155	3822	7	0	0	1
155	3823	8	0	0	1
157	3824	7	0	0	1
157	3825	8	0	0	1
157	3826	9	0	0	1
158	3827	7	0	1	1
158	3828	8	1	0	1
158	3829	9	0	0	1
158	3830	10	0	0	1
158	3831	11	0	0	1
158	3832	12	0	0	1
158	3833	13	0	0	1
159	3834	7	0	0	1
159	3835	8	0	1	1
159	3836	9	1	0	1
160	3837	7	0	0	1
161	3838	7	0	1	1
161	3839	8	1	0	1
161	3840	9	0	1	1
161	3841	10	1	0	1
163	3842	7	0	1	1
163	3843	8	1	0	1
164	3844	7	0	0	1
165	3845	7	1	0	1
168	3846	7	1	0	1
170	3847	7	0	0	1
170	3848	8	0	1	1
170	3849	9	1	0	1
173	3850	7	0	0	1
173	3851	8	0	0	1
174	3852	7	1	0	1
175	3853	7	1	0	1
176	3854	7	1	0	1
178	3855	7	1	0	1
181	3856	7	1	0	1
183	3400	7	0	1	1
183	3857	8	1	0	1
184	3400	7	0	1	1
184	3858	8	1	0	1
184	3859	9	0	0	1
184	3860	10	0	0	1
184	3861	11	0	1	1
184	3862	12	1	0	1
185	3863	7	0	1	1
185	3864	8	1	0	1
186	3865	7	1	0	1
188	3866	7	1	0	1
189	3867	7	1	0	1
193	3868	7	1	1	1
193	3869	8	1	0	1
194	3870	7	1	0	1
198	3871	7	0	1	1
198	3872	8	1	1	1
198	3873	9	1	0	1
200	3874	7	1	0	1
203	3875	7	1	0	1
208	3876	7	0	0	1
208	3877	8	0	0	1
208	3878	9	0	1	1
208	3879	10	1	0	1
216	3880	7	0	0	1
216	3881	8	0	1	1
216	3882	9	1	0	1
217	3883	7	1	0	1
219	3884	7	0	1	1
219	3885	8	1	0	1
222	3886	7	1	0	1
222	3887	8	0	0	1
224	3888	7	0	0	1
224	3889	8	0	0	1
224	3890	9	0	0	1
224	3891	10	0	1	1
224	3892	11	1	0	1
224	3893	12	0	0	1
224	3894	13	0	0	1
227	3895	7	0	0	1
227	3896	8	0	0	1
227	3897	9	0	0	1
227	3898	10	0	1	1
227	3899	11	1	0	1
228	3900	7	0	0	1
228	3901	8	0	1	1
228	3902	9	1	0	1
232	3903	7	0	0	1
232	3904	8	0	0	1
232	3905	9	0	1	1
232	3906	10	1	0	1
233	3907	7	1	0	1
233	3908	8	0	1	1
233	3909	9	1	0	1
234	3910	7	1	0	1
235	3911	7	1	1	1
235	3912	8	1	0	1
236	3913	7	0	0	1
237	3914	7	1	0	1
238	3915	7	0	0	1
238	3916	8	0	0	1
238	3917	9	0	0	1
238	3918	10	0	1	1
238	3919	11	1	1	1
238	3920	12	1	0	1
239	3921	7	0	0	1
239	3922	8	0	0	1
239	3400	9	0	1	1
239	3858	10	1	0	1
